 4.00000000e-01 -4.38831581e-10 
 4.05000000e-01 -5.01893095e-10 
 4.10000000e-01 -5.73874731e-10 
 4.15000000e-01 -6.56004241e-10 
 4.20000000e-01 -7.49671392e-10 
 4.25000000e-01 -8.56447975e-10 
 4.30000000e-01 -9.78110050e-10 
 4.35000000e-01 -1.11666262e-09 
 4.40000000e-01 -1.27436695e-09 
 4.45000000e-01 -1.45377083e-09 
 4.50000000e-01 -1.65774188e-09 
 4.55000000e-01 -1.88950441e-09 
 4.60000000e-01 -2.15267990e-09 
 4.65000000e-01 -2.45133152e-09 
 4.70000000e-01 -2.79001304e-09 
 4.75000000e-01 -3.17382238e-09 
 4.80000000e-01 -3.60846034e-09 
 4.85000000e-01 -4.10029474e-09 
 4.90000000e-01 -4.65643052e-09 
 4.95000000e-01 -5.28478611e-09 
 5.00000000e-01 -5.99417669e-09 
 5.05000000e-01 -6.79440454e-09 
 5.10000000e-01 -7.69635712e-09 
 5.15000000e-01 -8.71211304e-09 
 5.20000000e-01 -9.85505630e-09 
 5.25000000e-01 -1.11399989e-08 
 5.30000000e-01 -1.25833116e-08 
 5.35000000e-01 -1.42030630e-08 
 5.40000000e-01 -1.60191653e-08 
 5.45000000e-01 -1.80535270e-08 
 5.50000000e-01 -2.03302097e-08 
 5.55000000e-01 -2.28755881e-08 
 5.60000000e-01 -2.57185094e-08 
 5.65000000e-01 -2.88904497e-08 
 5.70000000e-01 -3.24256633e-08 
 5.75000000e-01 -3.63613201e-08 
 5.80000000e-01 -4.07376270e-08 
 5.85000000e-01 -4.55979273e-08 
 5.90000000e-01 -5.09887738e-08 
 5.95000000e-01 -5.69599704e-08 
 6.00000000e-01 -6.35645771e-08 
 6.05000000e-01 -7.08588753e-08 
 6.10000000e-01 -7.89022903e-08 
 6.15000000e-01 -8.77572701e-08 
 6.20000000e-01 -9.74891183e-08 
 6.25000000e-01 -1.08165785e-07 
 6.30000000e-01 -1.19857616e-07 
 6.35000000e-01 -1.32637068e-07 
 6.40000000e-01 -1.46578387e-07 
 6.45000000e-01 -1.61757269e-07 
 6.50000000e-01 -1.78250496e-07 
 6.55000000e-01 -1.96135564e-07 
 6.60000000e-01 -2.15490308e-07 
 6.65000000e-01 -2.36392526e-07 
 6.70000000e-01 -2.58919619e-07 
 6.75000000e-01 -2.83148240e-07 
 6.80000000e-01 -3.09153965e-07 
 6.85000000e-01 -3.37010992e-07 
 6.90000000e-01 -3.66791858e-07 
 6.95000000e-01 -3.98567194e-07 
 7.00000000e-01 -4.32405504e-07 
 7.05000000e-01 -4.68372976e-07 
 7.10000000e-01 -5.06533322e-07 
 7.15000000e-01 -5.46947649e-07 
 7.20000000e-01 -5.89674354e-07 
 7.25000000e-01 -6.34769049e-07 
 7.30000000e-01 -6.82284504e-07 
 7.35000000e-01 -7.32270624e-07 
 7.40000000e-01 -7.84774432e-07 
 7.45000000e-01 -8.39840081e-07 
 7.50000000e-01 -8.97508876e-07 
 7.55000000e-01 -9.57819316e-07 
 7.60000000e-01 -1.02080715e-06 
 7.65000000e-01 -1.08650542e-06 
 7.70000000e-01 -1.15494457e-06 
 7.75000000e-01 -1.22615249e-06 
 7.80000000e-01 -1.30015463e-06 
 7.85000000e-01 -1.37697409e-06 
 7.90000000e-01 -1.45663168e-06 
 7.95000000e-01 -1.53914609e-06 
 8.00000000e-01 -1.62453393e-06 
 8.05000000e-01 -1.71280986e-06 
 8.10000000e-01 -1.80398670e-06 
 8.15000000e-01 -1.89807552e-06 
 8.20000000e-01 -1.99508573e-06 
 8.25000000e-01 -2.09502524e-06 
 8.30000000e-01 -2.19790048e-06 
 8.35000000e-01 -2.30371654e-06 
 8.40000000e-01 -2.41247726e-06 
 8.45000000e-01 -2.52418532e-06 
 8.50000000e-01 -2.63884232e-06 
 8.55000000e-01 -2.75644885e-06 
 8.60000000e-01 -2.87700460e-06 
 8.65000000e-01 -3.00050841e-06 
 8.70000000e-01 -3.12695832e-06 
 8.75000000e-01 -3.25635172e-06 
 8.80000000e-01 -3.38868529e-06 
 8.85000000e-01 -3.52395517e-06 
 8.90000000e-01 -3.66215695e-06 
 8.95000000e-01 -3.80328574e-06 
 9.00000000e-01 -3.94733621e-06 
 9.05000000e-01 -4.09430264e-06 
 9.10000000e-01 -4.24417898e-06 
 9.15000000e-01 -4.39695883e-06 
 9.20000000e-01 -4.55263555e-06 
 9.25000000e-01 -4.71120223e-06 
 9.30000000e-01 -4.87265174e-06 
 9.35000000e-01 -5.03697677e-06 
 9.40000000e-01 -5.20416982e-06 
 9.45000000e-01 -5.37422328e-06 
 9.50000000e-01 -5.54712937e-06 
 9.55000000e-01 -5.72288024e-06 
 9.60000000e-01 -5.90146792e-06 
 9.65000000e-01 -6.08288437e-06 
 9.70000000e-01 -6.26712150e-06 
 9.75000000e-01 -6.45417113e-06 
 9.80000000e-01 -6.64402508e-06 
 9.85000000e-01 -6.83667510e-06 
 9.90000000e-01 -7.03211295e-06 
 9.95000000e-01 -7.23033034e-06 
 1.00000000e+00 -7.43131898e-06 
 1.00500000e+00 -7.63507059e-06 
 1.01000000e+00 -7.84157687e-06 
 1.01500000e+00 -8.05082953e-06 
 1.02000000e+00 -8.26282028e-06 
 1.02500000e+00 -8.47754087e-06 
 1.03000000e+00 -8.69498303e-06 
 1.03500000e+00 -8.91513853e-06 
 1.04000000e+00 -9.13799914e-06 
 1.04500000e+00 -9.36355667e-06 
 1.05000000e+00 -9.59180293e-06 
 1.05500000e+00 -9.82272976e-06 
 1.06000000e+00 -1.00563290e-05 
 1.06500000e+00 -1.02925927e-05 
 1.07000000e+00 -1.05315125e-05 
 1.07500000e+00 -1.07730806e-05 
 1.08000000e+00 -1.10172889e-05 
 1.08500000e+00 -1.12641292e-05 
 1.09000000e+00 -1.15135938e-05 
 1.09500000e+00 -1.17656746e-05 
 1.10000000e+00 -1.20203636e-05 
 1.10500000e+00 -1.22776530e-05 
 1.11000000e+00 -1.25375349e-05 
 1.11500000e+00 -1.28000014e-05 
 1.12000000e+00 -1.30650447e-05 
 1.12500000e+00 -1.33326570e-05 
 1.13000000e+00 -1.36028303e-05 
 1.13500000e+00 -1.38755571e-05 
 1.14000000e+00 -1.41508294e-05 
 1.14500000e+00 -1.44286396e-05 
 1.15000000e+00 -1.47089800e-05 
 1.15500000e+00 -1.49918428e-05 
 1.16000000e+00 -1.52772203e-05 
 1.16500000e+00 -1.55651048e-05 
 1.17000000e+00 -1.58554888e-05 
 1.17500000e+00 -1.61483644e-05 
 1.18000000e+00 -1.64437242e-05 
 1.18500000e+00 -1.67415604e-05 
 1.19000000e+00 -1.70418654e-05 
 1.19500000e+00 -1.73446317e-05 
 1.20000000e+00 -1.76498516e-05 
 1.20500000e+00 -1.79575174e-05 
 1.21000000e+00 -1.82676217e-05 
 1.21500000e+00 -1.85801568e-05 
 1.22000000e+00 -1.88951152e-05 
 1.22500000e+00 -1.92124892e-05 
 1.23000000e+00 -1.95322713e-05 
 1.23500000e+00 -1.98544538e-05 
 1.24000000e+00 -2.01790293e-05 
 1.24500000e+00 -2.05059900e-05 
 1.25000000e+00 -2.08353285e-05 
 1.25500000e+00 -2.11670371e-05 
 1.26000000e+00 -2.15011083e-05 
 1.26500000e+00 -2.18375343e-05 
 1.27000000e+00 -2.21763077e-05 
 1.27500000e+00 -2.25174207e-05 
 1.28000000e+00 -2.28608658e-05 
 1.28500000e+00 -2.32066353e-05 
 1.29000000e+00 -2.35547215e-05 
 1.29500000e+00 -2.39051168e-05 
 1.30000000e+00 -2.42578134e-05 
 1.30500000e+00 -2.46128037e-05 
 1.31000000e+00 -2.49700800e-05 
 1.31500000e+00 -2.53296345e-05 
 1.32000000e+00 -2.56914594e-05 
 1.32500000e+00 -2.60555470e-05 
 1.33000000e+00 -2.64218894e-05 
 1.33500000e+00 -2.67904788e-05 
 1.34000000e+00 -2.71613073e-05 
 1.34500000e+00 -2.75343671e-05 
 1.35000000e+00 -2.79096502e-05 
 1.35500000e+00 -2.82871486e-05 
 1.36000000e+00 -2.86668545e-05 
 1.36500000e+00 -2.90487596e-05 
 1.37000000e+00 -2.94328561e-05 
 1.37500000e+00 -2.98191357e-05 
 1.38000000e+00 -3.02075903e-05 
 1.38500000e+00 -3.05982117e-05 
 1.39000000e+00 -3.09909917e-05 
 1.39500000e+00 -3.13859220e-05 
 1.40000000e+00 -3.17829942e-05 
 1.40500000e+00 -3.21821999e-05 
 1.41000000e+00 -3.25835307e-05 
 1.41500000e+00 -3.29869781e-05 
 1.42000000e+00 -3.33925333e-05 
 1.42500000e+00 -3.38001879e-05 
 1.43000000e+00 -3.42099330e-05 
 1.43500000e+00 -3.46217599e-05 
 1.44000000e+00 -3.50356596e-05 
 1.44500000e+00 -3.54516232e-05 
 1.45000000e+00 -3.58696417e-05 
 1.45500000e+00 -3.62897058e-05 
 1.46000000e+00 -3.67118063e-05 
 1.46500000e+00 -3.71359339e-05 
 1.47000000e+00 -3.75620791e-05 
 1.47500000e+00 -3.79902323e-05 
 1.48000000e+00 -3.84203838e-05 
 1.48500000e+00 -3.88525238e-05 
 1.49000000e+00 -3.92866422e-05 
 1.49500000e+00 -3.97227291e-05 
 1.50000000e+00 -4.01607741e-05 
 1.50500000e+00 -4.06007667e-05 
 1.51000000e+00 -4.10426965e-05 
 1.51500000e+00 -4.14865526e-05 
 1.52000000e+00 -4.19323240e-05 
 1.52500000e+00 -4.23799996e-05 
 1.53000000e+00 -4.28295681e-05 
 1.53500000e+00 -4.32810177e-05 
 1.54000000e+00 -4.37343368e-05 
 1.54500000e+00 -4.41895131e-05 
 1.55000000e+00 -4.46465343e-05 
 1.55500000e+00 -4.51053878e-05 
 1.56000000e+00 -4.55660606e-05 
 1.56500000e+00 -4.60285395e-05 
 1.57000000e+00 -4.64928108e-05 
 1.57500000e+00 -4.69588606e-05 
 1.58000000e+00 -4.74266746e-05 
 1.58500000e+00 -4.78962380e-05 
 1.59000000e+00 -4.83675355e-05 
 1.59500000e+00 -4.88405517e-05 
 1.60000000e+00 -4.93152703e-05 
