 1.70000000e+00  1.45092358e-05 
 1.70500000e+00  1.43445512e-05 
 1.71000000e+00  1.41816055e-05 
 1.71500000e+00  1.40190963e-05 
 1.72000000e+00  1.38574593e-05 
 1.72500000e+00  1.36966956e-05 
 1.73000000e+00  1.35368063e-05 
 1.73500000e+00  1.33777925e-05 
 1.74000000e+00  1.32196555e-05 
 1.74500000e+00  1.30623964e-05 
 1.75000000e+00  1.29060162e-05 
 1.75500000e+00  1.27505162e-05 
 1.76000000e+00  1.25958974e-05 
 1.76500000e+00  1.24421611e-05 
 1.77000000e+00  1.22893084e-05 
 1.77500000e+00  1.21373403e-05 
 1.78000000e+00  1.19862581e-05 
 1.78500000e+00  1.18360629e-05 
 1.79000000e+00  1.16867558e-05 
 1.79500000e+00  1.15383380e-05 
 1.80000000e+00  1.13908106e-05 
 1.80500000e+00  1.12441747e-05 
 1.81000000e+00  1.10984316e-05 
 1.81500000e+00  1.09535822e-05 
 1.82000000e+00  1.08096278e-05 
 1.82500000e+00  1.06665696e-05 
 1.83000000e+00  1.05244085e-05 
 1.83500000e+00  1.03831459e-05 
 1.84000000e+00  1.02427828e-05 
 1.84500000e+00  1.01033204e-05 
 1.85000000e+00  9.96475972e-06 
 1.85500000e+00  9.82710203e-06 
 1.86000000e+00  9.69034842e-06 
 1.86500000e+00  9.55450003e-06 
 1.87000000e+00  9.41955800e-06 
 1.87500000e+00  9.28552346e-06 
 1.88000000e+00  9.15239756e-06 
 1.88500000e+00  9.02018144e-06 
 1.89000000e+00  8.88887623e-06 
 1.89500000e+00  8.75848306e-06 
 1.90000000e+00  8.62900308e-06 
 1.90500000e+00  8.50043742e-06 
 1.91000000e+00  8.37278723e-06 
 1.91500000e+00  8.24605364e-06 
 1.92000000e+00  8.12023778e-06 
 1.92500000e+00  7.99534079e-06 
 1.93000000e+00  7.87136382e-06 
 1.93500000e+00  7.74830800e-06 
 1.94000000e+00  7.62617447e-06 
 1.94500000e+00  7.50496438e-06 
 1.95000000e+00  7.38467885e-06 
 1.95500000e+00  7.26531903e-06 
 1.96000000e+00  7.14688607e-06 
 1.96500000e+00  7.02938110e-06 
 1.97000000e+00  6.91280528e-06 
 1.97500000e+00  6.79715974e-06 
 1.98000000e+00  6.68244564e-06 
 1.98500000e+00  6.56866411e-06 
 1.99000000e+00  6.45581633e-06 
 1.99500000e+00  6.34390343e-06 
 2.00000000e+00  6.23292658e-06 
 2.00500000e+00  6.12288693e-06 
 2.01000000e+00  6.01378565e-06 
 2.01500000e+00  5.90562391e-06 
 2.02000000e+00  5.79840287e-06 
 2.02500000e+00  5.69212372e-06 
 2.03000000e+00  5.58678763e-06 
 2.03500000e+00  5.48239579e-06 
 2.04000000e+00  5.37894939e-06 
 2.04500000e+00  5.27644964e-06 
 2.05000000e+00  5.17489774e-06 
 2.05500000e+00  5.07429491e-06 
 2.06000000e+00  4.97464237e-06 
 2.06500000e+00  4.87594136e-06 
 2.07000000e+00  4.77819313e-06 
 2.07500000e+00  4.68139893e-06 
 2.08000000e+00  4.58556004e-06 
 2.08500000e+00  4.49067774e-06 
 2.09000000e+00  4.39675333e-06 
 2.09500000e+00  4.30378813e-06 
 2.10000000e+00  4.21178348e-06 
 2.10500000e+00  4.12074072e-06 
 2.11000000e+00  4.03066123e-06 
 2.11500000e+00  3.94154642e-06 
 2.12000000e+00  3.85339770e-06 
 2.12500000e+00  3.76621651e-06 
 2.13000000e+00  3.68000434e-06 
 2.13500000e+00  3.59476269e-06 
 2.14000000e+00  3.51049309e-06 
 2.14500000e+00  3.42719711e-06 
 2.15000000e+00  3.34487636e-06 
 2.15500000e+00  3.26353248e-06 
 2.16000000e+00  3.18316715e-06 
 2.16500000e+00  3.10378211e-06 
 2.17000000e+00  3.02537912e-06 
 2.17500000e+00  2.94796000e-06 
 2.18000000e+00  2.87152663e-06 
 2.18500000e+00  2.79608094e-06 
 2.19000000e+00  2.72162489e-06 
 2.19500000e+00  2.64816053e-06 
 2.20000000e+00  2.57568995e-06 
 2.20500000e+00  2.50421533e-06 
 2.21000000e+00  2.43373890e-06 
 2.21500000e+00  2.36426294e-06 
 2.22000000e+00  2.29578982e-06 
 2.22500000e+00  2.22832200e-06 
 2.23000000e+00  2.16186198e-06 
 2.23500000e+00  2.09641235e-06 
 2.24000000e+00  2.03197579e-06 
 2.24500000e+00  1.96855503e-06 
 2.25000000e+00  1.90615289e-06 
 2.25500000e+00  1.84477228e-06 
 2.26000000e+00  1.78441617e-06 
 2.26500000e+00  1.72508759e-06 
 2.27000000e+00  1.66678968e-06 
 2.27500000e+00  1.60952560e-06 
 2.28000000e+00  1.55329859e-06 
 2.28500000e+00  1.49811196e-06 
 2.29000000e+00  1.44396903e-06 
 2.29500000e+00  1.39087318e-06 
 2.30000000e+00  1.33882782e-06 
 2.30500000e+00  1.28783633e-06 
 2.31000000e+00  1.23790214e-06 
 2.31500000e+00  1.18902860e-06 
 2.32000000e+00  1.14121906e-06 
 2.32500000e+00  1.09447677e-06 
 2.33000000e+00  1.04880490e-06 
 2.33500000e+00  1.00420650e-06 
 2.34000000e+00  9.60684453e-07 
 2.34500000e+00  9.18241445e-07 
 2.35000000e+00  8.76879941e-07 
 2.35500000e+00  8.36602125e-07 
 2.36000000e+00  7.97409859e-07 
 2.36500000e+00  7.59304632e-07 
 2.37000000e+00  7.22287509e-07 
 2.37500000e+00  6.86359068e-07 
 2.38000000e+00  6.51519347e-07 
 2.38500000e+00  6.17767773e-07 
 2.39000000e+00  5.85103101e-07 
 2.39500000e+00  5.53523345e-07 
 2.40000000e+00  5.23025703e-07 
 2.40500000e+00  4.93606495e-07 
 2.41000000e+00  4.65261081e-07 
 2.41500000e+00  4.37983799e-07 
 2.42000000e+00  4.11767891e-07 
 2.42500000e+00  3.86605434e-07 
 2.43000000e+00  3.62487285e-07 
 2.43500000e+00  3.39403012e-07 
 2.44000000e+00  3.17340851e-07 
 2.44500000e+00  2.96287655e-07 
 2.45000000e+00  2.76229198e-07 
 2.45500000e+00  2.57150687e-07 
 2.46000000e+00  2.39034542e-07 
 2.46500000e+00  2.21861597e-07 
 2.47000000e+00  2.05611251e-07 
 2.47500000e+00  1.90261499e-07 
 2.48000000e+00  1.75788976e-07 
 2.48500000e+00  1.62169013e-07 
 2.49000000e+00  1.49375713e-07 
 2.49500000e+00  1.37382040e-07 
 2.50000000e+00  1.26159927e-07 
 2.50500000e+00  1.15680391e-07 
 2.51000000e+00  1.05913667e-07 
 2.51500000e+00  9.68293489e-08 
 2.52000000e+00  8.83965448e-08 
 2.52500000e+00  8.05840333e-08 
 2.53000000e+00  7.33604293e-08 
 2.53500000e+00  6.66943488e-08 
 2.54000000e+00  6.05545754e-08 
 2.54500000e+00  5.49102214e-08 
 2.55000000e+00  4.97308843e-08 
 2.55500000e+00  4.49867937e-08 
 2.56000000e+00  4.06489476e-08 
 2.56500000e+00  3.66892358e-08 
 2.57000000e+00  3.30805479e-08 
 2.57500000e+00  2.97968660e-08 
 2.58000000e+00  2.68133402e-08 
 2.58500000e+00  2.41063465e-08 
 2.59000000e+00  2.16535277e-08 
 2.59500000e+00  1.94338180e-08 
 2.60000000e+00  1.74274506e-08 
 2.60500000e+00  1.56159520e-08 
 2.61000000e+00  1.39821219e-08 
 2.61500000e+00  1.25100021e-08 
 2.62000000e+00  1.11848357e-08 
 2.62500000e+00  9.99301861e-09 
 2.63000000e+00  8.92204419e-09 
 2.63500000e+00  7.96044438e-09 
 2.64000000e+00  7.09772762e-09 
 2.64500000e+00  6.32431558e-09 
 2.65000000e+00  5.63147978e-09 
 2.65500000e+00  5.01127923e-09 
 2.66000000e+00  4.45649976e-09 
 2.66500000e+00  3.96059588e-09 
 2.67000000e+00  3.51763555e-09 
 2.67500000e+00  3.12224804e-09 
 2.68000000e+00  2.76957530e-09 
 2.68500000e+00  2.45522671e-09 
 2.69000000e+00  2.17523719e-09 
 2.69500000e+00  1.92602870e-09 
 2.70000000e+00  1.70437481e-09 
 2.70500000e+00  1.50736829e-09 
 2.71000000e+00  1.33239149e-09 
 2.71500000e+00  1.17708927e-09 
 2.72000000e+00  1.03934433e-09 
 2.72500000e+00  9.17254752e-10 
 2.73000000e+00  8.09113468e-10 
 2.73500000e+00  7.13389629e-10 
 2.74000000e+00  6.28711610e-10 
 2.74500000e+00  5.53851544e-10 
 2.75000000e+00  4.87711254e-10 
 2.75500000e+00  4.29309454e-10 
 2.76000000e+00  3.77770112e-10 
 2.76500000e+00  3.32311881e-10 
 2.77000000e+00  2.92238506e-10 
 2.77500000e+00  2.56930113e-10 
 2.78000000e+00  2.25835329e-10 
 2.78500000e+00  1.98464142e-10 
 2.79000000e+00  1.74381441e-10 
 2.79500000e+00  1.53201195e-10 
 2.80000000e+00  1.34581190e-10 
 2.80500000e+00  1.18218298e-10 
 2.81000000e+00  1.03844213e-10 
 2.81500000e+00  9.12216278e-11 
 2.82000000e+00  8.01407984e-11 
 2.82500000e+00  7.04164683e-11 
 2.83000000e+00  6.18851147e-11 
 2.83500000e+00  5.44024879e-11 
 2.84000000e+00  4.78414140e-11 
 2.84500000e+00  4.20898366e-11 
 2.85000000e+00  3.70490719e-11 
 2.85500000e+00  3.26322566e-11 
 2.86000000e+00  2.87629685e-11 
 2.86500000e+00  2.53740020e-11 
 2.87000000e+00  2.24062814e-11 
 2.87500000e+00  1.98078991e-11 
 2.88000000e+00  1.75332622e-11 
 2.88500000e+00  1.55423397e-11 
 2.89000000e+00  1.37999951e-11 
 2.89500000e+00  1.22753984e-11 
 2.90000000e+00  1.09415057e-11 
 2.90500000e+00  9.77460152e-12 
 2.91000000e+00  8.75389450e-12 
 2.91500000e+00  7.86116122e-12 
 2.92000000e+00  7.08043290e-12 
 2.92500000e+00  6.39771948e-12 
 2.93000000e+00  5.80076699e-12 
 2.93500000e+00  5.27884411e-12 
 2.94000000e+00  4.82255472e-12 
 2.94500000e+00  4.42367315e-12 
 2.95000000e+00  4.07499949e-12 
 2.95500000e+00  3.77023267e-12 
 2.96000000e+00  3.50385894e-12 
 2.96500000e+00  3.27105418e-12 
 2.97000000e+00  3.06759814e-12 
 2.97500000e+00  2.88979926e-12 
 2.98000000e+00  2.73442877e-12 
 2.98500000e+00  2.59866299e-12 
 2.99000000e+00  2.48003271e-12 
 2.99500000e+00  2.37637889e-12 
 3.00000000e+00  2.28581382e-12 
 3.00500000e+00  2.20668720e-12 
 3.01000000e+00  2.13755635e-12 
 3.01500000e+00  2.07716017e-12 
 3.02000000e+00  2.02439637e-12 
 3.02500000e+00  1.97830152e-12 
 3.03000000e+00  1.93803359e-12 
 3.03500000e+00  1.90285672e-12 
 3.04000000e+00  1.87212785e-12 
 3.04500000e+00  1.84528500e-12 
 3.05000000e+00  1.82183715e-12 
 3.05500000e+00  1.80135523e-12 
 3.06000000e+00  1.78346432e-12 
 3.06500000e+00  1.76783689e-12 
 3.07000000e+00  1.75418672e-12 
 3.07500000e+00  1.74226380e-12 
 3.08000000e+00  1.73184967e-12 
 3.08500000e+00  1.72275350e-12 
 3.09000000e+00  1.71480858e-12 
 3.09500000e+00  1.70786925e-12 
 3.10000000e+00  1.70180829e-12 
 3.10500000e+00  1.69651456e-12 
 3.11000000e+00  1.69189097e-12 
 3.11500000e+00  1.68785271e-12 
 3.12000000e+00  1.68432572e-12 
 3.12500000e+00  1.68124527e-12 
 3.13000000e+00  1.67855485e-12 
 3.13500000e+00  1.67620508e-12 
 3.14000000e+00  1.67415285e-12 
 3.14500000e+00  1.67236048e-12 
 3.15000000e+00  1.67079508e-12 
 3.15500000e+00  1.66942792e-12 
 3.16000000e+00  1.66823389e-12 
 3.16500000e+00  1.66719107e-12 
 3.17000000e+00  1.66628032e-12 
 3.17500000e+00  1.66548491e-12 
 3.18000000e+00  1.66479025e-12 
 3.18500000e+00  1.66418356e-12 
 3.19000000e+00  1.66365372e-12 
 3.19500000e+00  1.66319099e-12 
 3.20000000e+00  1.66278687e-12 
