 0.00000000e+00  3.30000000e+00  0.00000000e+00  0.00000000e+00  0.00000000e+00  0.00000000e+00  0.00000000e+00  3.29999999e+00 
 2.00000000e-02  3.30000000e+00  2.00000000e-02  0.00000000e+00  2.00000000e-02  2.00000000e-02  2.00000000e-02  3.29999999e+00 
 4.00000000e-02  3.30000000e+00  4.00000000e-02  0.00000000e+00  4.00000000e-02  4.00000000e-02  4.00000000e-02  3.29999999e+00 
 6.00000000e-02  3.30000000e+00  6.00000000e-02  0.00000000e+00  6.00000000e-02  6.00000000e-02  6.00000000e-02  3.29999999e+00 
 8.00000000e-02  3.30000000e+00  8.00000000e-02  0.00000000e+00  8.00000000e-02  8.00000000e-02  8.00000000e-02  3.29999999e+00 
 1.00000000e-01  3.30000000e+00  1.00000000e-01  0.00000000e+00  1.00000000e-01  1.00000000e-01  1.00000000e-01  3.29999999e+00 
 1.20000000e-01  3.30000000e+00  1.20000000e-01  0.00000000e+00  1.20000000e-01  1.20000000e-01  1.20000000e-01  3.29999999e+00 
 1.40000000e-01  3.30000000e+00  1.40000000e-01  0.00000000e+00  1.40000000e-01  1.40000000e-01  1.40000000e-01  3.29999999e+00 
 1.60000000e-01  3.30000000e+00  1.60000000e-01  0.00000000e+00  1.60000000e-01  1.60000000e-01  1.60000000e-01  3.29999998e+00 
 1.80000000e-01  3.30000000e+00  1.80000000e-01  0.00000000e+00  1.80000000e-01  1.80000000e-01  1.80000000e-01  3.29999998e+00 
 2.00000000e-01  3.30000000e+00  2.00000000e-01  0.00000000e+00  2.00000000e-01  2.00000000e-01  2.00000000e-01  3.29999998e+00 
 2.20000000e-01  3.30000000e+00  2.20000000e-01  0.00000000e+00  2.20000000e-01  2.20000000e-01  2.20000000e-01  3.29999997e+00 
 2.40000000e-01  3.30000000e+00  2.40000000e-01  0.00000000e+00  2.40000000e-01  2.40000000e-01  2.40000000e-01  3.29999996e+00 
 2.60000000e-01  3.30000000e+00  2.60000000e-01  0.00000000e+00  2.60000000e-01  2.60000000e-01  2.60000000e-01  3.29999993e+00 
 2.80000000e-01  3.30000000e+00  2.80000000e-01  0.00000000e+00  2.80000000e-01  2.80000000e-01  2.80000000e-01  3.29999989e+00 
 3.00000000e-01  3.30000000e+00  3.00000000e-01  0.00000000e+00  3.00000000e-01  3.00000000e-01  3.00000000e-01  3.29999981e+00 
 3.20000000e-01  3.30000000e+00  3.20000000e-01  0.00000000e+00  3.20000000e-01  3.20000000e-01  3.20000000e-01  3.29999969e+00 
 3.40000000e-01  3.30000000e+00  3.40000000e-01  0.00000000e+00  3.40000000e-01  3.40000000e-01  3.40000000e-01  3.29999946e+00 
 3.60000000e-01  3.30000000e+00  3.60000000e-01  0.00000000e+00  3.60000000e-01  3.60000000e-01  3.60000000e-01  3.29999907e+00 
 3.80000000e-01  3.30000000e+00  3.80000000e-01  0.00000000e+00  3.80000000e-01  3.80000000e-01  3.80000000e-01  3.29999839e+00 
 4.00000000e-01  3.30000000e+00  4.00000000e-01  0.00000000e+00  4.00000000e-01  4.00000000e-01  4.00000000e-01  3.29999722e+00 
 4.20000000e-01  3.30000000e+00  4.20000000e-01  0.00000000e+00  4.20000000e-01  4.20000000e-01  4.20000000e-01  3.29999520e+00 
 4.40000000e-01  3.30000000e+00  4.40000000e-01  0.00000000e+00  4.40000000e-01  4.40000000e-01  4.40000000e-01  3.29999174e+00 
 4.60000000e-01  3.30000000e+00  4.60000000e-01  0.00000000e+00  4.60000000e-01  4.60000000e-01  4.60000000e-01  3.29998586e+00 
 4.80000000e-01  3.30000000e+00  4.80000000e-01  0.00000000e+00  4.80000000e-01  4.80000000e-01  4.80000000e-01  3.29997594e+00 
 5.00000000e-01  3.30000000e+00  5.00000000e-01  0.00000000e+00  5.00000000e-01  5.00000000e-01  5.00000000e-01  3.29995937e+00 
 5.20000000e-01  3.30000000e+00  5.20000000e-01  0.00000000e+00  5.20000000e-01  5.20000000e-01  5.20000000e-01  3.29993203e+00 
 5.40000000e-01  3.30000000e+00  5.40000000e-01  0.00000000e+00  5.40000000e-01  5.40000000e-01  5.40000000e-01  3.29988752e+00 
 5.60000000e-01  3.30000000e+00  5.60000000e-01  0.00000000e+00  5.60000000e-01  5.60000000e-01  5.60000000e-01  3.29981613e+00 
 5.80000000e-01  3.30000000e+00  5.80000000e-01  0.00000000e+00  5.80000000e-01  5.80000000e-01  5.80000000e-01  3.29970352e+00 
 6.00000000e-01  3.30000000e+00  6.00000000e-01  0.00000000e+00  6.00000000e-01  6.00000000e-01  6.00000000e-01  3.29952904e+00 
 6.20000000e-01  3.30000000e+00  6.20000000e-01  0.00000000e+00  6.20000000e-01  6.20000000e-01  6.20000000e-01  3.29926413e+00 
 6.40000000e-01  3.30000000e+00  6.40000000e-01  0.00000000e+00  6.40000000e-01  6.40000000e-01  6.40000000e-01  3.29887117e+00 
 6.60000000e-01  3.30000000e+00  6.60000000e-01  0.00000000e+00  6.60000000e-01  6.60000000e-01  6.60000000e-01  3.29830367e+00 
 6.80000000e-01  3.30000000e+00  6.80000000e-01  0.00000000e+00  6.80000000e-01  6.80000000e-01  6.80000000e-01  3.29750823e+00 
 7.00000000e-01  3.30000000e+00  7.00000000e-01  0.00000000e+00  7.00000000e-01  7.00000000e-01  7.00000000e-01  3.29642806e+00 
 7.20000000e-01  3.30000000e+00  7.20000000e-01  0.00000000e+00  7.20000000e-01  7.20000000e-01  7.20000000e-01  3.29500701e+00 
 7.40000000e-01  3.30000000e+00  7.40000000e-01  0.00000000e+00  7.40000000e-01  7.40000000e-01  7.40000000e-01  3.29319298e+00 
 7.60000000e-01  3.30000000e+00  7.60000000e-01  0.00000000e+00  7.60000000e-01  7.60000000e-01  7.60000000e-01  3.29094001e+00 
 7.80000000e-01  3.30000000e+00  7.80000000e-01  0.00000000e+00  7.80000000e-01  7.80000000e-01  7.80000000e-01  3.28820888e+00 
 8.00000000e-01  3.30000000e+00  8.00000000e-01  0.00000000e+00  8.00000000e-01  8.00000000e-01  8.00000000e-01  3.28496673e+00 
 8.20000000e-01  3.30000000e+00  8.20000000e-01  0.00000000e+00  8.20000000e-01  8.20000000e-01  8.20000000e-01  3.28118598e+00 
 8.40000000e-01  3.30000000e+00  8.40000000e-01  0.00000000e+00  8.40000000e-01  8.40000000e-01  8.40000000e-01  3.27684301e+00 
 8.60000000e-01  3.30000000e+00  8.60000000e-01  0.00000000e+00  8.60000000e-01  8.60000000e-01  8.60000000e-01  3.27191669e+00 
 8.80000000e-01  3.30000000e+00  8.80000000e-01  0.00000000e+00  8.80000000e-01  8.80000000e-01  8.80000000e-01  3.26638714e+00 
 9.00000000e-01  3.30000000e+00  9.00000000e-01  0.00000000e+00  9.00000000e-01  9.00000000e-01  9.00000000e-01  3.26023448e+00 
 9.20000000e-01  3.30000000e+00  9.20000000e-01  0.00000000e+00  9.20000000e-01  9.20000000e-01  9.20000000e-01  3.25343786e+00 
 9.40000000e-01  3.30000000e+00  9.40000000e-01  0.00000000e+00  9.40000000e-01  9.40000000e-01  9.40000000e-01  3.24597449e+00 
 9.60000000e-01  3.30000000e+00  9.60000000e-01  0.00000000e+00  9.60000000e-01  9.60000000e-01  9.60000000e-01  3.23781890e+00 
 9.80000000e-01  3.30000000e+00  9.80000000e-01  0.00000000e+00  9.80000000e-01  9.80000000e-01  9.80000000e-01  3.22894212e+00 
 1.00000000e+00  3.30000000e+00  1.00000000e+00  0.00000000e+00  1.00000000e+00  1.00000000e+00  1.00000000e+00  3.21931089e+00 
 1.02000000e+00  3.30000000e+00  1.02000000e+00  0.00000000e+00  1.02000000e+00  1.02000000e+00  1.02000000e+00  3.20888687e+00 
 1.04000000e+00  3.30000000e+00  1.04000000e+00  0.00000000e+00  1.04000000e+00  1.04000000e+00  1.04000000e+00  3.19762559e+00 
 1.06000000e+00  3.30000000e+00  1.06000000e+00  0.00000000e+00  1.06000000e+00  1.06000000e+00  1.06000000e+00  3.18547532e+00 
 1.08000000e+00  3.30000000e+00  1.08000000e+00  0.00000000e+00  1.08000000e+00  1.08000000e+00  1.08000000e+00  3.17237562e+00 
 1.10000000e+00  3.30000000e+00  1.10000000e+00  0.00000000e+00  1.10000000e+00  1.10000000e+00  1.10000000e+00  3.15825547e+00 
 1.12000000e+00  3.30000000e+00  1.12000000e+00  0.00000000e+00  1.12000000e+00  1.12000000e+00  1.12000000e+00  3.14303098e+00 
 1.14000000e+00  3.30000000e+00  1.14000000e+00  0.00000000e+00  1.14000000e+00  1.14000000e+00  1.14000000e+00  3.12660221e+00 
 1.16000000e+00  3.30000000e+00  1.16000000e+00  0.00000000e+00  1.16000000e+00  1.16000000e+00  1.16000000e+00  3.10884907e+00 
 1.18000000e+00  3.30000000e+00  1.18000000e+00  0.00000000e+00  1.18000000e+00  1.18000000e+00  1.18000000e+00  3.08962559e+00 
 1.20000000e+00  3.30000000e+00  1.20000000e+00  0.00000000e+00  1.20000000e+00  1.20000000e+00  1.20000000e+00  3.06875201e+00 
 1.22000000e+00  3.30000000e+00  1.22000000e+00  0.00000000e+00  1.22000000e+00  1.22000000e+00  1.22000000e+00  3.04600330e+00 
 1.24000000e+00  3.30000000e+00  1.24000000e+00  0.00000000e+00  1.24000000e+00  1.24000000e+00  1.24000000e+00  3.02109222e+00 
 1.26000000e+00  3.30000000e+00  1.26000000e+00  0.00000000e+00  1.26000000e+00  1.26000000e+00  1.26000000e+00  2.99364308e+00 
 1.28000000e+00  3.30000000e+00  1.28000000e+00  0.00000000e+00  1.28000000e+00  1.28000000e+00  1.28000000e+00  2.96314937e+00 
 1.30000000e+00  3.30000000e+00  1.30000000e+00  0.00000000e+00  1.30000000e+00  1.30000000e+00  1.30000000e+00  2.92890106e+00 
 1.32000000e+00  3.30000000e+00  1.32000000e+00  0.00000000e+00  1.32000000e+00  1.32000000e+00  1.32000000e+00  2.88985022e+00 
 1.34000000e+00  3.30000000e+00  1.34000000e+00  0.00000000e+00  1.34000000e+00  1.34000000e+00  1.34000000e+00  2.84433615e+00 
 1.36000000e+00  3.30000000e+00  1.36000000e+00  0.00000000e+00  1.36000000e+00  1.36000000e+00  1.36000000e+00  2.78943751e+00 
 1.38000000e+00  3.30000000e+00  1.38000000e+00  0.00000000e+00  1.38000000e+00  1.38000000e+00  1.38000000e+00  2.71907586e+00 
 1.40000000e+00  3.30000000e+00  1.40000000e+00  0.00000000e+00  1.40000000e+00  1.40000000e+00  1.40000000e+00  2.61591438e+00 
 1.42000000e+00  3.30000000e+00  1.42000000e+00  0.00000000e+00  1.42000000e+00  1.42000000e+00  1.42000000e+00  2.15893360e+00 
 1.44000000e+00  3.30000000e+00  1.44000000e+00  0.00000000e+00  1.44000000e+00  1.44000000e+00  1.44000000e+00  6.05399975e-01 
 1.46000000e+00  3.30000000e+00  1.46000000e+00  0.00000000e+00  1.46000000e+00  1.46000000e+00  1.46000000e+00  4.81118524e-01 
 1.48000000e+00  3.30000000e+00  1.48000000e+00  0.00000000e+00  1.48000000e+00  1.48000000e+00  1.48000000e+00  4.18807670e-01 
 1.50000000e+00  3.30000000e+00  1.50000000e+00  0.00000000e+00  1.50000000e+00  1.50000000e+00  1.50000000e+00  3.74191477e-01 
 1.52000000e+00  3.30000000e+00  1.52000000e+00  0.00000000e+00  1.52000000e+00  1.52000000e+00  1.52000000e+00  3.38631723e-01 
 1.54000000e+00  3.30000000e+00  1.54000000e+00  0.00000000e+00  1.54000000e+00  1.54000000e+00  1.54000000e+00  3.09152464e-01 
 1.56000000e+00  3.30000000e+00  1.56000000e+00  0.00000000e+00  1.56000000e+00  1.56000000e+00  1.56000000e+00  2.83803990e-01 
 1.58000000e+00  3.30000000e+00  1.58000000e+00  0.00000000e+00  1.58000000e+00  1.58000000e+00  1.58000000e+00  2.61577590e-01 
 1.60000000e+00  3.30000000e+00  1.60000000e+00  0.00000000e+00  1.60000000e+00  1.60000000e+00  1.60000000e+00  2.41812636e-01 
 1.62000000e+00  3.30000000e+00  1.62000000e+00  0.00000000e+00  1.62000000e+00  1.62000000e+00  1.62000000e+00  2.24044663e-01 
 1.64000000e+00  3.30000000e+00  1.64000000e+00  0.00000000e+00  1.64000000e+00  1.64000000e+00  1.64000000e+00  2.07935186e-01 
 1.66000000e+00  3.30000000e+00  1.66000000e+00  0.00000000e+00  1.66000000e+00  1.66000000e+00  1.66000000e+00  1.93229110e-01 
 1.68000000e+00  3.30000000e+00  1.68000000e+00  0.00000000e+00  1.68000000e+00  1.68000000e+00  1.68000000e+00  1.79728838e-01 
 1.70000000e+00  3.30000000e+00  1.70000000e+00  0.00000000e+00  1.70000000e+00  1.70000000e+00  1.70000000e+00  1.67277840e-01 
 1.72000000e+00  3.30000000e+00  1.72000000e+00  0.00000000e+00  1.72000000e+00  1.72000000e+00  1.72000000e+00  1.55749778e-01 
 1.74000000e+00  3.30000000e+00  1.74000000e+00  0.00000000e+00  1.74000000e+00  1.74000000e+00  1.74000000e+00  1.45041061e-01 
 1.76000000e+00  3.30000000e+00  1.76000000e+00  0.00000000e+00  1.76000000e+00  1.76000000e+00  1.76000000e+00  1.35065599e-01 
 1.78000000e+00  3.30000000e+00  1.78000000e+00  0.00000000e+00  1.78000000e+00  1.78000000e+00  1.78000000e+00  1.25751008e-01 
 1.80000000e+00  3.30000000e+00  1.80000000e+00  0.00000000e+00  1.80000000e+00  1.80000000e+00  1.80000000e+00  1.17035807e-01 
 1.82000000e+00  3.30000000e+00  1.82000000e+00  0.00000000e+00  1.82000000e+00  1.82000000e+00  1.82000000e+00  1.08867309e-01 
 1.84000000e+00  3.30000000e+00  1.84000000e+00  0.00000000e+00  1.84000000e+00  1.84000000e+00  1.84000000e+00  1.01200006e-01 
 1.86000000e+00  3.30000000e+00  1.86000000e+00  0.00000000e+00  1.86000000e+00  1.86000000e+00  1.86000000e+00  9.39943157e-02 
 1.88000000e+00  3.30000000e+00  1.88000000e+00  0.00000000e+00  1.88000000e+00  1.88000000e+00  1.88000000e+00  8.72155915e-02 
 1.90000000e+00  3.30000000e+00  1.90000000e+00  0.00000000e+00  1.90000000e+00  1.90000000e+00  1.90000000e+00  8.08333389e-02 
 1.92000000e+00  3.30000000e+00  1.92000000e+00  0.00000000e+00  1.92000000e+00  1.92000000e+00  1.92000000e+00  7.48205807e-02 
 1.94000000e+00  3.30000000e+00  1.94000000e+00  0.00000000e+00  1.94000000e+00  1.94000000e+00  1.94000000e+00  6.91533428e-02 
 1.96000000e+00  3.30000000e+00  1.96000000e+00  0.00000000e+00  1.96000000e+00  1.96000000e+00  1.96000000e+00  6.38102325e-02 
 1.98000000e+00  3.30000000e+00  1.98000000e+00  0.00000000e+00  1.98000000e+00  1.98000000e+00  1.98000000e+00  5.87720905e-02 
 2.00000000e+00  3.30000000e+00  2.00000000e+00  0.00000000e+00  2.00000000e+00  2.00000000e+00  2.00000000e+00  5.40217009e-02 
 2.02000000e+00  3.30000000e+00  2.02000000e+00  0.00000000e+00  2.02000000e+00  2.02000000e+00  2.02000000e+00  4.95435499e-02 
 2.04000000e+00  3.30000000e+00  2.04000000e+00  0.00000000e+00  2.04000000e+00  2.04000000e+00  2.04000000e+00  4.53236220e-02 
 2.06000000e+00  3.30000000e+00  2.06000000e+00  0.00000000e+00  2.06000000e+00  2.06000000e+00  2.06000000e+00  4.13492301e-02 
 2.08000000e+00  3.30000000e+00  2.08000000e+00  0.00000000e+00  2.08000000e+00  2.08000000e+00  2.08000000e+00  3.76088708e-02 
 2.10000000e+00  3.30000000e+00  2.10000000e+00  0.00000000e+00  2.10000000e+00  2.10000000e+00  2.10000000e+00  3.40921034e-02 
 2.12000000e+00  3.30000000e+00  2.12000000e+00  0.00000000e+00  2.12000000e+00  2.12000000e+00  2.12000000e+00  3.07894488e-02 
 2.14000000e+00  3.30000000e+00  2.14000000e+00  0.00000000e+00  2.14000000e+00  2.14000000e+00  2.14000000e+00  2.76923043e-02 
 2.16000000e+00  3.30000000e+00  2.16000000e+00  0.00000000e+00  2.16000000e+00  2.16000000e+00  2.16000000e+00  2.47928737e-02 
 2.18000000e+00  3.30000000e+00  2.18000000e+00  0.00000000e+00  2.18000000e+00  2.18000000e+00  2.18000000e+00  2.20841096e-02 
 2.20000000e+00  3.30000000e+00  2.20000000e+00  0.00000000e+00  2.20000000e+00  2.20000000e+00  2.20000000e+00  1.95596654e-02 
 2.22000000e+00  3.30000000e+00  2.22000000e+00  0.00000000e+00  2.22000000e+00  2.22000000e+00  2.22000000e+00  1.72138544e-02 
 2.24000000e+00  3.30000000e+00  2.24000000e+00  0.00000000e+00  2.24000000e+00  2.24000000e+00  2.24000000e+00  1.50416114e-02 
 2.26000000e+00  3.30000000e+00  2.26000000e+00  0.00000000e+00  2.26000000e+00  2.26000000e+00  2.26000000e+00  1.30384509e-02 
 2.28000000e+00  3.30000000e+00  2.28000000e+00  0.00000000e+00  2.28000000e+00  2.28000000e+00  2.28000000e+00  1.12004129e-02 
 2.30000000e+00  3.30000000e+00  2.30000000e+00  0.00000000e+00  2.30000000e+00  2.30000000e+00  2.30000000e+00  9.52398617e-03 
 2.32000000e+00  3.30000000e+00  2.32000000e+00  0.00000000e+00  2.32000000e+00  2.32000000e+00  2.32000000e+00  8.00599114e-03 
 2.34000000e+00  3.30000000e+00  2.34000000e+00  0.00000000e+00  2.34000000e+00  2.34000000e+00  2.34000000e+00  6.64340775e-03 
 2.36000000e+00  3.30000000e+00  2.36000000e+00  0.00000000e+00  2.36000000e+00  2.36000000e+00  2.36000000e+00  5.43312881e-03 
 2.38000000e+00  3.30000000e+00  2.38000000e+00  0.00000000e+00  2.38000000e+00  2.38000000e+00  2.38000000e+00  4.37162760e-03 
 2.40000000e+00  3.30000000e+00  2.40000000e+00  0.00000000e+00  2.40000000e+00  2.40000000e+00  2.40000000e+00  3.45454211e-03 
 2.42000000e+00  3.30000000e+00  2.42000000e+00  0.00000000e+00  2.42000000e+00  2.42000000e+00  2.42000000e+00  2.67620454e-03 
 2.44000000e+00  3.30000000e+00  2.44000000e+00  0.00000000e+00  2.44000000e+00  2.44000000e+00  2.44000000e+00  2.02918103e-03 
 2.46000000e+00  3.30000000e+00  2.46000000e+00  0.00000000e+00  2.46000000e+00  2.46000000e+00  2.46000000e+00  1.50396122e-03 
 2.48000000e+00  3.30000000e+00  2.48000000e+00  0.00000000e+00  2.48000000e+00  2.48000000e+00  2.48000000e+00  1.08885312e-03 
 2.50000000e+00  3.30000000e+00  2.50000000e+00  0.00000000e+00  2.50000000e+00  2.50000000e+00  2.50000000e+00  7.70042562e-04 
 2.52000000e+00  3.30000000e+00  2.52000000e+00  0.00000000e+00  2.52000000e+00  2.52000000e+00  2.52000000e+00  5.32407889e-04 
 2.54000000e+00  3.30000000e+00  2.54000000e+00  0.00000000e+00  2.54000000e+00  2.54000000e+00  2.54000000e+00  3.60494973e-04 
 2.56000000e+00  3.30000000e+00  2.56000000e+00  0.00000000e+00  2.56000000e+00  2.56000000e+00  2.56000000e+00  2.39598110e-04 
 2.58000000e+00  3.30000000e+00  2.58000000e+00  0.00000000e+00  2.58000000e+00  2.58000000e+00  2.58000000e+00  1.56701414e-04 
 2.60000000e+00  3.30000000e+00  2.60000000e+00  0.00000000e+00  2.60000000e+00  2.60000000e+00  2.60000000e+00  1.01065082e-04 
 2.62000000e+00  3.30000000e+00  2.62000000e+00  0.00000000e+00  2.62000000e+00  2.62000000e+00  2.62000000e+00  6.43754382e-05 
 2.64000000e+00  3.30000000e+00  2.64000000e+00  0.00000000e+00  2.64000000e+00  2.64000000e+00  2.64000000e+00  4.05322352e-05 
 2.66000000e+00  3.30000000e+00  2.66000000e+00  0.00000000e+00  2.66000000e+00  2.66000000e+00  2.66000000e+00  2.52375685e-05 
 2.68000000e+00  3.30000000e+00  2.68000000e+00  0.00000000e+00  2.68000000e+00  2.68000000e+00  2.68000000e+00  1.55472002e-05 
 2.70000000e+00  3.30000000e+00  2.70000000e+00  0.00000000e+00  2.70000000e+00  2.70000000e+00  2.70000000e+00  9.48199380e-06 
 2.72000000e+00  3.30000000e+00  2.72000000e+00  0.00000000e+00  2.72000000e+00  2.72000000e+00  2.72000000e+00  5.73069388e-06 
 2.74000000e+00  3.30000000e+00  2.74000000e+00  0.00000000e+00  2.74000000e+00  2.74000000e+00  2.74000000e+00  3.43645735e-06 
 2.76000000e+00  3.30000000e+00  2.76000000e+00  0.00000000e+00  2.76000000e+00  2.76000000e+00  2.76000000e+00  2.04755677e-06 
 2.78000000e+00  3.30000000e+00  2.78000000e+00  0.00000000e+00  2.78000000e+00  2.78000000e+00  2.78000000e+00  1.21417191e-06 
 2.80000000e+00  3.30000000e+00  2.80000000e+00  0.00000000e+00  2.80000000e+00  2.80000000e+00  2.80000000e+00  7.17849741e-07 
 2.82000000e+00  3.30000000e+00  2.82000000e+00  0.00000000e+00  2.82000000e+00  2.82000000e+00  2.82000000e+00  4.24079636e-07 
 2.84000000e+00  3.30000000e+00  2.84000000e+00  0.00000000e+00  2.84000000e+00  2.84000000e+00  2.84000000e+00  2.51056249e-07 
 2.86000000e+00  3.30000000e+00  2.86000000e+00  0.00000000e+00  2.86000000e+00  2.86000000e+00  2.86000000e+00  1.49545359e-07 
 2.88000000e+00  3.30000000e+00  2.88000000e+00  0.00000000e+00  2.88000000e+00  2.88000000e+00  2.88000000e+00  9.01684991e-08 
 2.90000000e+00  3.30000000e+00  2.90000000e+00  0.00000000e+00  2.90000000e+00  2.90000000e+00  2.90000000e+00  5.55154652e-08 
 2.92000000e+00  3.30000000e+00  2.92000000e+00  0.00000000e+00  2.92000000e+00  2.92000000e+00  2.92000000e+00  3.53245082e-08 
 2.94000000e+00  3.30000000e+00  2.94000000e+00  0.00000000e+00  2.94000000e+00  2.94000000e+00  2.94000000e+00  2.35727733e-08 
 2.96000000e+00  3.30000000e+00  2.96000000e+00  0.00000000e+00  2.96000000e+00  2.96000000e+00  2.96000000e+00  1.67368225e-08 
 2.98000000e+00  3.30000000e+00  2.98000000e+00  0.00000000e+00  2.98000000e+00  2.98000000e+00  2.98000000e+00  1.27605450e-08 
 3.00000000e+00  3.30000000e+00  3.00000000e+00  0.00000000e+00  3.00000000e+00  3.00000000e+00  3.00000000e+00  1.04463675e-08 
 3.02000000e+00  3.30000000e+00  3.02000000e+00  0.00000000e+00  3.02000000e+00  3.02000000e+00  3.02000000e+00  9.09777064e-09 
 3.04000000e+00  3.30000000e+00  3.04000000e+00  0.00000000e+00  3.04000000e+00  3.04000000e+00  3.04000000e+00  8.31009216e-09 
 3.06000000e+00  3.30000000e+00  3.06000000e+00  0.00000000e+00  3.06000000e+00  3.06000000e+00  3.06000000e+00  7.84842623e-09 
 3.08000000e+00  3.30000000e+00  3.08000000e+00  0.00000000e+00  3.08000000e+00  3.08000000e+00  3.08000000e+00  7.57649705e-09 
 3.10000000e+00  3.30000000e+00  3.10000000e+00  0.00000000e+00  3.10000000e+00  3.10000000e+00  3.10000000e+00  7.41528983e-09 
 3.12000000e+00  3.30000000e+00  3.12000000e+00  0.00000000e+00  3.12000000e+00  3.12000000e+00  3.12000000e+00  7.31901154e-09 
 3.14000000e+00  3.30000000e+00  3.14000000e+00  0.00000000e+00  3.14000000e+00  3.14000000e+00  3.14000000e+00  7.26113816e-09 
 3.16000000e+00  3.30000000e+00  3.16000000e+00  0.00000000e+00  3.16000000e+00  3.16000000e+00  3.16000000e+00  7.22631813e-09 
 3.18000000e+00  3.30000000e+00  3.18000000e+00  0.00000000e+00  3.18000000e+00  3.18000000e+00  3.18000000e+00  7.20567603e-09 
 3.20000000e+00  3.30000000e+00  3.20000000e+00  0.00000000e+00  3.20000000e+00  3.20000000e+00  3.20000000e+00  7.19409175e-09 
 3.22000000e+00  3.30000000e+00  3.22000000e+00  0.00000000e+00  3.22000000e+00  3.22000000e+00  3.22000000e+00  7.18862212e-09 
 3.24000000e+00  3.30000000e+00  3.24000000e+00  0.00000000e+00  3.24000000e+00  3.24000000e+00  3.24000000e+00  7.18758645e-09 
 3.26000000e+00  3.30000000e+00  3.26000000e+00  0.00000000e+00  3.26000000e+00  3.26000000e+00  3.26000000e+00  7.19003621e-09 
 3.28000000e+00  3.30000000e+00  3.28000000e+00  0.00000000e+00  3.28000000e+00  3.28000000e+00  3.28000000e+00  7.19544890e-09 
 3.30000000e+00  3.30000000e+00  3.30000000e+00  0.00000000e+00  3.30000000e+00  3.30000000e+00  3.30000000e+00  7.20355018e-09 
