 1.00000000e+00  4.51374556e+01  1.00000000e+00  1.00000000e+00  0.00000000e+00 
 1.04712855e+00  4.51374556e+01  1.04712855e+00  1.04712855e+00  0.00000000e+00 
 1.09647820e+00  4.51374556e+01  1.09647820e+00  1.09647820e+00  0.00000000e+00 
 1.14815362e+00  4.51374556e+01  1.14815362e+00  1.14815362e+00  0.00000000e+00 
 1.20226443e+00  4.51374556e+01  1.20226443e+00  1.20226443e+00  0.00000000e+00 
 1.25892541e+00  4.51374556e+01  1.25892541e+00  1.25892541e+00  0.00000000e+00 
 1.31825674e+00  4.51374556e+01  1.31825674e+00  1.31825674e+00  0.00000000e+00 
 1.38038426e+00  4.51374556e+01  1.38038426e+00  1.38038426e+00  0.00000000e+00 
 1.44543977e+00  4.51374556e+01  1.44543977e+00  1.44543977e+00  0.00000000e+00 
 1.51356125e+00  4.51374556e+01  1.51356125e+00  1.51356125e+00  0.00000000e+00 
 1.58489319e+00  4.51374556e+01  1.58489319e+00  1.58489319e+00  0.00000000e+00 
 1.65958691e+00  4.51374556e+01  1.65958691e+00  1.65958691e+00  0.00000000e+00 
 1.73780083e+00  4.51374556e+01  1.73780083e+00  1.73780083e+00  0.00000000e+00 
 1.81970086e+00  4.51374556e+01  1.81970086e+00  1.81970086e+00  0.00000000e+00 
 1.90546072e+00  4.51374556e+01  1.90546072e+00  1.90546072e+00  0.00000000e+00 
 1.99526231e+00  4.51374556e+01  1.99526231e+00  1.99526231e+00  0.00000000e+00 
 2.08929613e+00  4.51374555e+01  2.08929613e+00  2.08929613e+00  0.00000000e+00 
 2.18776162e+00  4.51374555e+01  2.18776162e+00  2.18776162e+00  0.00000000e+00 
 2.29086765e+00  4.51374555e+01  2.29086765e+00  2.29086765e+00  0.00000000e+00 
 2.39883292e+00  4.51374555e+01  2.39883292e+00  2.39883292e+00  0.00000000e+00 
 2.51188643e+00  4.51374555e+01  2.51188643e+00  2.51188643e+00  0.00000000e+00 
 2.63026799e+00  4.51374555e+01  2.63026799e+00  2.63026799e+00  0.00000000e+00 
 2.75422870e+00  4.51374555e+01  2.75422870e+00  2.75422870e+00  0.00000000e+00 
 2.88403150e+00  4.51374555e+01  2.88403150e+00  2.88403150e+00  0.00000000e+00 
 3.01995172e+00  4.51374555e+01  3.01995172e+00  3.01995172e+00  0.00000000e+00 
 3.16227766e+00  4.51374554e+01  3.16227766e+00  3.16227766e+00  0.00000000e+00 
 3.31131121e+00  4.51374554e+01  3.31131121e+00  3.31131121e+00  0.00000000e+00 
 3.46736850e+00  4.51374554e+01  3.46736850e+00  3.46736850e+00  0.00000000e+00 
 3.63078055e+00  4.51374554e+01  3.63078055e+00  3.63078055e+00  0.00000000e+00 
 3.80189396e+00  4.51374554e+01  3.80189396e+00  3.80189396e+00  0.00000000e+00 
 3.98107171e+00  4.51374554e+01  3.98107171e+00  3.98107171e+00  0.00000000e+00 
 4.16869383e+00  4.51374553e+01  4.16869383e+00  4.16869383e+00  0.00000000e+00 
 4.36515832e+00  4.51374553e+01  4.36515832e+00  4.36515832e+00  0.00000000e+00 
 4.57088190e+00  4.51374553e+01  4.57088190e+00  4.57088190e+00  0.00000000e+00 
 4.78630092e+00  4.51374552e+01  4.78630092e+00  4.78630092e+00  0.00000000e+00 
 5.01187234e+00  4.51374552e+01  5.01187234e+00  5.01187234e+00  0.00000000e+00 
 5.24807460e+00  4.51374552e+01  5.24807460e+00  5.24807460e+00  0.00000000e+00 
 5.49540874e+00  4.51374551e+01  5.49540874e+00  5.49540874e+00  0.00000000e+00 
 5.75439937e+00  4.51374551e+01  5.75439937e+00  5.75439937e+00  0.00000000e+00 
 6.02559586e+00  4.51374550e+01  6.02559586e+00  6.02559586e+00  0.00000000e+00 
 6.30957344e+00  4.51374549e+01  6.30957344e+00  6.30957344e+00  0.00000000e+00 
 6.60693448e+00  4.51374549e+01  6.60693448e+00  6.60693448e+00  0.00000000e+00 
 6.91830971e+00  4.51374548e+01  6.91830971e+00  6.91830971e+00  0.00000000e+00 
 7.24435960e+00  4.51374547e+01  7.24435960e+00  7.24435960e+00  0.00000000e+00 
 7.58577575e+00  4.51374547e+01  7.58577575e+00  7.58577575e+00  0.00000000e+00 
 7.94328235e+00  4.51374546e+01  7.94328235e+00  7.94328235e+00  0.00000000e+00 
 8.31763771e+00  4.51374545e+01  8.31763771e+00  8.31763771e+00  0.00000000e+00 
 8.70963590e+00  4.51374543e+01  8.70963590e+00  8.70963590e+00  0.00000000e+00 
 9.12010839e+00  4.51374542e+01  9.12010839e+00  9.12010839e+00  0.00000000e+00 
 9.54992586e+00  4.51374541e+01  9.54992586e+00  9.54992586e+00  0.00000000e+00 
 1.00000000e+01  4.51374539e+01  1.00000000e+01  1.00000000e+01  0.00000000e+00 
 1.04712855e+01  4.51374538e+01  1.04712855e+01  1.04712855e+01  0.00000000e+00 
 1.09647820e+01  4.51374536e+01  1.09647820e+01  1.09647820e+01  0.00000000e+00 
 1.14815362e+01  4.51374534e+01  1.14815362e+01  1.14815362e+01  0.00000000e+00 
 1.20226443e+01  4.51374532e+01  1.20226443e+01  1.20226443e+01  0.00000000e+00 
 1.25892541e+01  4.51374530e+01  1.25892541e+01  1.25892541e+01  0.00000000e+00 
 1.31825674e+01  4.51374527e+01  1.31825674e+01  1.31825674e+01  0.00000000e+00 
 1.38038426e+01  4.51374524e+01  1.38038426e+01  1.38038426e+01  0.00000000e+00 
 1.44543977e+01  4.51374521e+01  1.44543977e+01  1.44543977e+01  0.00000000e+00 
 1.51356125e+01  4.51374518e+01  1.51356125e+01  1.51356125e+01  0.00000000e+00 
 1.58489319e+01  4.51374514e+01  1.58489319e+01  1.58489319e+01  0.00000000e+00 
 1.65958691e+01  4.51374510e+01  1.65958691e+01  1.65958691e+01  0.00000000e+00 
 1.73780083e+01  4.51374505e+01  1.73780083e+01  1.73780083e+01  0.00000000e+00 
 1.81970086e+01  4.51374501e+01  1.81970086e+01  1.81970086e+01  0.00000000e+00 
 1.90546072e+01  4.51374495e+01  1.90546072e+01  1.90546072e+01  0.00000000e+00 
 1.99526231e+01  4.51374489e+01  1.99526231e+01  1.99526231e+01  0.00000000e+00 
 2.08929613e+01  4.51374483e+01  2.08929613e+01  2.08929613e+01  0.00000000e+00 
 2.18776162e+01  4.51374476e+01  2.18776162e+01  2.18776162e+01  0.00000000e+00 
 2.29086765e+01  4.51374468e+01  2.29086765e+01  2.29086765e+01  0.00000000e+00 
 2.39883292e+01  4.51374460e+01  2.39883292e+01  2.39883292e+01  0.00000000e+00 
 2.51188643e+01  4.51374450e+01  2.51188643e+01  2.51188643e+01  0.00000000e+00 
 2.63026799e+01  4.51374440e+01  2.63026799e+01  2.63026799e+01  0.00000000e+00 
 2.75422870e+01  4.51374429e+01  2.75422870e+01  2.75422870e+01  0.00000000e+00 
 2.88403150e+01  4.51374416e+01  2.88403150e+01  2.88403150e+01  0.00000000e+00 
 3.01995172e+01  4.51374403e+01  3.01995172e+01  3.01995172e+01  0.00000000e+00 
 3.16227766e+01  4.51374388e+01  3.16227766e+01  3.16227766e+01  0.00000000e+00 
 3.31131121e+01  4.51374372e+01  3.31131121e+01  3.31131121e+01  0.00000000e+00 
 3.46736850e+01  4.51374354e+01  3.46736850e+01  3.46736850e+01  0.00000000e+00 
 3.63078055e+01  4.51374335e+01  3.63078055e+01  3.63078055e+01  0.00000000e+00 
 3.80189396e+01  4.51374313e+01  3.80189396e+01  3.80189396e+01  0.00000000e+00 
 3.98107171e+01  4.51374290e+01  3.98107171e+01  3.98107171e+01  0.00000000e+00 
 4.16869383e+01  4.51374264e+01  4.16869383e+01  4.16869383e+01  0.00000000e+00 
 4.36515832e+01  4.51374236e+01  4.36515832e+01  4.36515832e+01  0.00000000e+00 
 4.57088190e+01  4.51374205e+01  4.57088190e+01  4.57088190e+01  0.00000000e+00 
 4.78630092e+01  4.51374171e+01  4.78630092e+01  4.78630092e+01  0.00000000e+00 
 5.01187234e+01  4.51374134e+01  5.01187234e+01  5.01187234e+01  0.00000000e+00 
 5.24807460e+01  4.51374094e+01  5.24807460e+01  5.24807460e+01  0.00000000e+00 
 5.49540874e+01  4.51374049e+01  5.49540874e+01  5.49540874e+01  0.00000000e+00 
 5.75439937e+01  4.51374000e+01  5.75439937e+01  5.75439937e+01  0.00000000e+00 
 6.02559586e+01  4.51373946e+01  6.02559586e+01  6.02559586e+01  0.00000000e+00 
 6.30957344e+01  4.51373887e+01  6.30957344e+01  6.30957344e+01  0.00000000e+00 
 6.60693448e+01  4.51373823e+01  6.60693448e+01  6.60693448e+01  0.00000000e+00 
 6.91830971e+01  4.51373752e+01  6.91830971e+01  6.91830971e+01  0.00000000e+00 
 7.24435960e+01  4.51373675e+01  7.24435960e+01  7.24435960e+01  0.00000000e+00 
 7.58577575e+01  4.51373590e+01  7.58577575e+01  7.58577575e+01  0.00000000e+00 
 7.94328235e+01  4.51373496e+01  7.94328235e+01  7.94328235e+01  0.00000000e+00 
 8.31763771e+01  4.51373394e+01  8.31763771e+01  8.31763771e+01  0.00000000e+00 
 8.70963590e+01  4.51373282e+01  8.70963590e+01  8.70963590e+01  0.00000000e+00 
 9.12010839e+01  4.51373159e+01  9.12010839e+01  9.12010839e+01  0.00000000e+00 
 9.54992586e+01  4.51373024e+01  9.54992586e+01  9.54992586e+01  0.00000000e+00 
 1.00000000e+02  4.51372876e+01  1.00000000e+02  1.00000000e+02  0.00000000e+00 
 1.04712855e+02  4.51372714e+01  1.04712855e+02  1.04712855e+02  0.00000000e+00 
 1.09647820e+02  4.51372537e+01  1.09647820e+02  1.09647820e+02  0.00000000e+00 
 1.14815362e+02  4.51372342e+01  1.14815362e+02  1.14815362e+02  0.00000000e+00 
 1.20226443e+02  4.51372128e+01  1.20226443e+02  1.20226443e+02  0.00000000e+00 
 1.25892541e+02  4.51371894e+01  1.25892541e+02  1.25892541e+02  0.00000000e+00 
 1.31825674e+02  4.51371637e+01  1.31825674e+02  1.31825674e+02  0.00000000e+00 
 1.38038426e+02  4.51371356e+01  1.38038426e+02  1.38038426e+02  0.00000000e+00 
 1.44543977e+02  4.51371047e+01  1.44543977e+02  1.44543977e+02  0.00000000e+00 
 1.51356125e+02  4.51370708e+01  1.51356125e+02  1.51356125e+02  0.00000000e+00 
 1.58489319e+02  4.51370337e+01  1.58489319e+02  1.58489319e+02  0.00000000e+00 
 1.65958691e+02  4.51369930e+01  1.65958691e+02  1.65958691e+02  0.00000000e+00 
 1.73780083e+02  4.51369484e+01  1.73780083e+02  1.73780083e+02  0.00000000e+00 
 1.81970086e+02  4.51368994e+01  1.81970086e+02  1.81970086e+02  0.00000000e+00 
 1.90546072e+02  4.51368458e+01  1.90546072e+02  1.90546072e+02  0.00000000e+00 
 1.99526231e+02  4.51367869e+01  1.99526231e+02  1.99526231e+02  0.00000000e+00 
 2.08929613e+02  4.51367224e+01  2.08929613e+02  2.08929613e+02  0.00000000e+00 
 2.18776162e+02  4.51366517e+01  2.18776162e+02  2.18776162e+02  0.00000000e+00 
 2.29086765e+02  4.51365742e+01  2.29086765e+02  2.29086765e+02  0.00000000e+00 
 2.39883292e+02  4.51364891e+01  2.39883292e+02  2.39883292e+02  0.00000000e+00 
 2.51188643e+02  4.51363959e+01  2.51188643e+02  2.51188643e+02  0.00000000e+00 
 2.63026799e+02  4.51362937e+01  2.63026799e+02  2.63026799e+02  0.00000000e+00 
 2.75422870e+02  4.51361816e+01  2.75422870e+02  2.75422870e+02  0.00000000e+00 
 2.88403150e+02  4.51360587e+01  2.88403150e+02  2.88403150e+02  0.00000000e+00 
 3.01995172e+02  4.51359239e+01  3.01995172e+02  3.01995172e+02  0.00000000e+00 
 3.16227766e+02  4.51357762e+01  3.16227766e+02  3.16227766e+02  0.00000000e+00 
 3.31131121e+02  4.51356142e+01  3.31131121e+02  3.31131121e+02  0.00000000e+00 
 3.46736850e+02  4.51354366e+01  3.46736850e+02  3.46736850e+02  0.00000000e+00 
 3.63078055e+02  4.51352418e+01  3.63078055e+02  3.63078055e+02  0.00000000e+00 
 3.80189396e+02  4.51350283e+01  3.80189396e+02  3.80189396e+02  0.00000000e+00 
 3.98107171e+02  4.51347942e+01  3.98107171e+02  3.98107171e+02  0.00000000e+00 
 4.16869383e+02  4.51345375e+01  4.16869383e+02  4.16869383e+02  0.00000000e+00 
 4.36515832e+02  4.51342561e+01  4.36515832e+02  4.36515832e+02  0.00000000e+00 
 4.57088190e+02  4.51339475e+01  4.57088190e+02  4.57088190e+02  0.00000000e+00 
 4.78630092e+02  4.51336092e+01  4.78630092e+02  4.78630092e+02  0.00000000e+00 
 5.01187234e+02  4.51332383e+01  5.01187234e+02  5.01187234e+02  0.00000000e+00 
 5.24807460e+02  4.51328317e+01  5.24807460e+02  5.24807460e+02  0.00000000e+00 
 5.49540874e+02  4.51323858e+01  5.49540874e+02  5.49540874e+02  0.00000000e+00 
 5.75439937e+02  4.51318970e+01  5.75439937e+02  5.75439937e+02  0.00000000e+00 
 6.02559586e+02  4.51313611e+01  6.02559586e+02  6.02559586e+02  0.00000000e+00 
 6.30957344e+02  4.51307736e+01  6.30957344e+02  6.30957344e+02  0.00000000e+00 
 6.60693448e+02  4.51301294e+01  6.60693448e+02  6.60693448e+02  0.00000000e+00 
 6.91830971e+02  4.51294233e+01  6.91830971e+02  6.91830971e+02  0.00000000e+00 
 7.24435960e+02  4.51286491e+01  7.24435960e+02  7.24435960e+02  0.00000000e+00 
 7.58577575e+02  4.51278004e+01  7.58577575e+02  7.58577575e+02  0.00000000e+00 
 7.94328235e+02  4.51268700e+01  7.94328235e+02  7.94328235e+02  0.00000000e+00 
 8.31763771e+02  4.51258501e+01  8.31763771e+02  8.31763771e+02  0.00000000e+00 
 8.70963590e+02  4.51247321e+01  8.70963590e+02  8.70963590e+02  0.00000000e+00 
 9.12010839e+02  4.51235065e+01  9.12010839e+02  9.12010839e+02  0.00000000e+00 
 9.54992586e+02  4.51221631e+01  9.54992586e+02  9.54992586e+02  0.00000000e+00 
 1.00000000e+03  4.51206905e+01  1.00000000e+03  1.00000000e+03  0.00000000e+00 
 1.04712855e+03  4.51190765e+01  1.04712855e+03  1.04712855e+03  0.00000000e+00 
 1.09647820e+03  4.51173074e+01  1.09647820e+03  1.09647820e+03  0.00000000e+00 
 1.14815362e+03  4.51153685e+01  1.14815362e+03  1.14815362e+03  0.00000000e+00 
 1.20226443e+03  4.51132435e+01  1.20226443e+03  1.20226443e+03  0.00000000e+00 
 1.25892541e+03  4.51109146e+01  1.25892541e+03  1.25892541e+03  0.00000000e+00 
 1.31825674e+03  4.51083626e+01  1.31825674e+03  1.31825674e+03  0.00000000e+00 
 1.38038426e+03  4.51055660e+01  1.38038426e+03  1.38038426e+03  0.00000000e+00 
 1.44543977e+03  4.51025017e+01  1.44543977e+03  1.44543977e+03  0.00000000e+00 
 1.51356125e+03  4.50991443e+01  1.51356125e+03  1.51356125e+03  0.00000000e+00 
 1.58489319e+03  4.50954659e+01  1.58489319e+03  1.58489319e+03  0.00000000e+00 
 1.65958691e+03  4.50914361e+01  1.65958691e+03  1.65958691e+03  0.00000000e+00 
 1.73780083e+03  4.50870220e+01  1.73780083e+03  1.73780083e+03  0.00000000e+00 
 1.81970086e+03  4.50821870e+01  1.81970086e+03  1.81970086e+03  0.00000000e+00 
 1.90546072e+03  4.50768918e+01  1.90546072e+03  1.90546072e+03  0.00000000e+00 
 1.99526231e+03  4.50710932e+01  1.99526231e+03  1.99526231e+03  0.00000000e+00 
 2.08929613e+03  4.50647440e+01  2.08929613e+03  2.08929613e+03  0.00000000e+00 
 2.18776162e+03  4.50577929e+01  2.18776162e+03  2.18776162e+03  0.00000000e+00 
 2.29086765e+03  4.50501839e+01  2.29086765e+03  2.29086765e+03  0.00000000e+00 
 2.39883292e+03  4.50418561e+01  2.39883292e+03  2.39883292e+03  0.00000000e+00 
 2.51188643e+03  4.50327431e+01  2.51188643e+03  2.51188643e+03  0.00000000e+00 
 2.63026799e+03  4.50227729e+01  2.63026799e+03  2.63026799e+03  0.00000000e+00 
 2.75422870e+03  4.50118671e+01  2.75422870e+03  2.75422870e+03  0.00000000e+00 
 2.88403150e+03  4.49999404e+01  2.88403150e+03  2.88403150e+03  0.00000000e+00 
 3.01995172e+03  4.49869006e+01  3.01995172e+03  3.01995172e+03  0.00000000e+00 
 3.16227766e+03  4.49726477e+01  3.16227766e+03  3.16227766e+03  0.00000000e+00 
 3.31131121e+03  4.49570732e+01  3.31131121e+03  3.31131121e+03  0.00000000e+00 
 3.46736850e+03  4.49400600e+01  3.46736850e+03  3.46736850e+03  0.00000000e+00 
 3.63078055e+03  4.49214818e+01  3.63078055e+03  3.63078055e+03  0.00000000e+00 
 3.80189396e+03  4.49012020e+01  3.80189396e+03  3.80189396e+03  0.00000000e+00 
 3.98107171e+03  4.48790741e+01  3.98107171e+03  3.98107171e+03  0.00000000e+00 
 4.16869383e+03  4.48549401e+01  4.16869383e+03  4.16869383e+03  0.00000000e+00 
 4.36515832e+03  4.48286310e+01  4.36515832e+03  4.36515832e+03  0.00000000e+00 
 4.57088190e+03  4.47999657e+01  4.57088190e+03  4.57088190e+03  0.00000000e+00 
 4.78630092e+03  4.47687507e+01  4.78630092e+03  4.78630092e+03  0.00000000e+00 
 5.01187234e+03  4.47347800e+01  5.01187234e+03  5.01187234e+03  0.00000000e+00 
 5.24807460e+03  4.46978349e+01  5.24807460e+03  5.24807460e+03  0.00000000e+00 
 5.49540874e+03  4.46576833e+01  5.49540874e+03  5.49540874e+03  0.00000000e+00 
 5.75439937e+03  4.46140805e+01  5.75439937e+03  5.75439937e+03  0.00000000e+00 
 6.02559586e+03  4.45667688e+01  6.02559586e+03  6.02559586e+03  0.00000000e+00 
 6.30957344e+03  4.45154782e+01  6.30957344e+03  6.30957344e+03  0.00000000e+00 
 6.60693448e+03  4.44599267e+01  6.60693448e+03  6.60693448e+03  0.00000000e+00 
 6.91830971e+03  4.43998215e+01  6.91830971e+03  6.91830971e+03  0.00000000e+00 
 7.24435960e+03  4.43348596e+01  7.24435960e+03  7.24435960e+03  0.00000000e+00 
 7.58577575e+03  4.42647298e+01  7.58577575e+03  7.58577575e+03  0.00000000e+00 
 7.94328235e+03  4.41891136e+01  7.94328235e+03  7.94328235e+03  0.00000000e+00 
 8.31763771e+03  4.41076878e+01  8.31763771e+03  8.31763771e+03  0.00000000e+00 
 8.70963590e+03  4.40201266e+01  8.70963590e+03  8.70963590e+03  0.00000000e+00 
 9.12010839e+03  4.39261042e+01  9.12010839e+03  9.12010839e+03  0.00000000e+00 
 9.54992586e+03  4.38252977e+01  9.54992586e+03  9.54992586e+03  0.00000000e+00 
 1.00000000e+04  4.37173903e+01  1.00000000e+04  1.00000000e+04  0.00000000e+00 
 1.04712855e+04  4.36020745e+01  1.04712855e+04  1.04712855e+04  0.00000000e+00 
 1.09647820e+04  4.34790560e+01  1.09647820e+04  1.09647820e+04  0.00000000e+00 
 1.14815362e+04  4.33480572e+01  1.14815362e+04  1.14815362e+04  0.00000000e+00 
 1.20226443e+04  4.32088206e+01  1.20226443e+04  1.20226443e+04  0.00000000e+00 
 1.25892541e+04  4.30611126e+01  1.25892541e+04  1.25892541e+04  0.00000000e+00 
 1.31825674e+04  4.29047270e+01  1.31825674e+04  1.31825674e+04  0.00000000e+00 
 1.38038426e+04  4.27394879e+01  1.38038426e+04  1.38038426e+04  0.00000000e+00 
 1.44543977e+04  4.25652526e+01  1.44543977e+04  1.44543977e+04  0.00000000e+00 
 1.51356125e+04  4.23819139e+01  1.51356125e+04  1.51356125e+04  0.00000000e+00 
 1.58489319e+04  4.21894016e+01  1.58489319e+04  1.58489319e+04  0.00000000e+00 
 1.65958691e+04  4.19876841e+01  1.65958691e+04  1.65958691e+04  0.00000000e+00 
 1.73780083e+04  4.17767688e+01  1.73780083e+04  1.73780083e+04  0.00000000e+00 
 1.81970086e+04  4.15567016e+01  1.81970086e+04  1.81970086e+04  0.00000000e+00 
 1.90546072e+04  4.13275667e+01  1.90546072e+04  1.90546072e+04  0.00000000e+00 
 1.99526231e+04  4.10894848e+01  1.99526231e+04  1.99526231e+04  0.00000000e+00 
 2.08929613e+04  4.08426112e+01  2.08929613e+04  2.08929613e+04  0.00000000e+00 
 2.18776162e+04  4.05871336e+01  2.18776162e+04  2.18776162e+04  0.00000000e+00 
 2.29086765e+04  4.03232687e+01  2.29086765e+04  2.29086765e+04  0.00000000e+00 
 2.39883292e+04  4.00512595e+01  2.39883292e+04  2.39883292e+04  0.00000000e+00 
 2.51188643e+04  3.97713713e+01  2.51188643e+04  2.51188643e+04  0.00000000e+00 
 2.63026799e+04  3.94838884e+01  2.63026799e+04  2.63026799e+04  0.00000000e+00 
 2.75422870e+04  3.91891106e+01  2.75422870e+04  2.75422870e+04  0.00000000e+00 
 2.88403150e+04  3.88873491e+01  2.88403150e+04  2.88403150e+04  0.00000000e+00 
 3.01995172e+04  3.85789234e+01  3.01995172e+04  3.01995172e+04  0.00000000e+00 
 3.16227766e+04  3.82641578e+01  3.16227766e+04  3.16227766e+04  0.00000000e+00 
 3.31131121e+04  3.79433785e+01  3.31131121e+04  3.31131121e+04  0.00000000e+00 
 3.46736850e+04  3.76169106e+01  3.46736850e+04  3.46736850e+04  0.00000000e+00 
 3.63078055e+04  3.72850758e+01  3.63078055e+04  3.63078055e+04  0.00000000e+00 
 3.80189396e+04  3.69481901e+01  3.80189396e+04  3.80189396e+04  0.00000000e+00 
 3.98107171e+04  3.66065618e+01  3.98107171e+04  3.98107171e+04  0.00000000e+00 
 4.16869383e+04  3.62604902e+01  4.16869383e+04  4.16869383e+04  0.00000000e+00 
 4.36515832e+04  3.59102643e+01  4.36515832e+04  4.36515832e+04  0.00000000e+00 
 4.57088190e+04  3.55561616e+01  4.57088190e+04  4.57088190e+04  0.00000000e+00 
 4.78630092e+04  3.51984476e+01  4.78630092e+04  4.78630092e+04  0.00000000e+00 
 5.01187234e+04  3.48373752e+01  5.01187234e+04  5.01187234e+04  0.00000000e+00 
 5.24807460e+04  3.44731844e+01  5.24807460e+04  5.24807460e+04  0.00000000e+00 
 5.49540874e+04  3.41061022e+01  5.49540874e+04  5.49540874e+04  0.00000000e+00 
 5.75439937e+04  3.37363427e+01  5.75439937e+04  5.75439937e+04  0.00000000e+00 
 6.02559586e+04  3.33641072e+01  6.02559586e+04  6.02559586e+04  0.00000000e+00 
 6.30957344e+04  3.29895844e+01  6.30957344e+04  6.30957344e+04  0.00000000e+00 
 6.60693448e+04  3.26129509e+01  6.60693448e+04  6.60693448e+04  0.00000000e+00 
 6.91830971e+04  3.22343716e+01  6.91830971e+04  6.91830971e+04  0.00000000e+00 
 7.24435960e+04  3.18540001e+01  7.24435960e+04  7.24435960e+04  0.00000000e+00 
 7.58577575e+04  3.14719791e+01  7.58577575e+04  7.58577575e+04  0.00000000e+00 
 7.94328235e+04  3.10884413e+01  7.94328235e+04  7.94328235e+04  0.00000000e+00 
 8.31763771e+04  3.07035097e+01  8.31763771e+04  8.31763771e+04  0.00000000e+00 
 8.70963590e+04  3.03172979e+01  8.70963590e+04  8.70963590e+04  0.00000000e+00 
 9.12010839e+04  2.99299111e+01  9.12010839e+04  9.12010839e+04  0.00000000e+00 
 9.54992586e+04  2.95414466e+01  9.54992586e+04  9.54992586e+04  0.00000000e+00 
 1.00000000e+05  2.91519938e+01  1.00000000e+05  1.00000000e+05  0.00000000e+00 
 1.04712855e+05  2.87616354e+01  1.04712855e+05  1.04712855e+05  0.00000000e+00 
 1.09647820e+05  2.83704474e+01  1.09647820e+05  1.09647820e+05  0.00000000e+00 
 1.14815362e+05  2.79784996e+01  1.14815362e+05  1.14815362e+05  0.00000000e+00 
 1.20226443e+05  2.75858563e+01  1.20226443e+05  1.20226443e+05  0.00000000e+00 
 1.25892541e+05  2.71925766e+01  1.25892541e+05  1.25892541e+05  0.00000000e+00 
 1.31825674e+05  2.67987146e+01  1.31825674e+05  1.31825674e+05  0.00000000e+00 
 1.38038426e+05  2.64043202e+01  1.38038426e+05  1.38038426e+05  0.00000000e+00 
 1.44543977e+05  2.60094388e+01  1.44543977e+05  1.44543977e+05  0.00000000e+00 
 1.51356125e+05  2.56141123e+01  1.51356125e+05  1.51356125e+05  0.00000000e+00 
 1.58489319e+05  2.52183789e+01  1.58489319e+05  1.58489319e+05  0.00000000e+00 
 1.65958691e+05  2.48222738e+01  1.65958691e+05  1.65958691e+05  0.00000000e+00 
 1.73780083e+05  2.44258291e+01  1.73780083e+05  1.73780083e+05  0.00000000e+00 
 1.81970086e+05  2.40290740e+01  1.81970086e+05  1.81970086e+05  0.00000000e+00 
 1.90546072e+05  2.36320355e+01  1.90546072e+05  1.90546072e+05  0.00000000e+00 
 1.99526231e+05  2.32347382e+01  1.99526231e+05  1.99526231e+05  0.00000000e+00 
 2.08929613e+05  2.28372045e+01  2.08929613e+05  2.08929613e+05  0.00000000e+00 
 2.18776162e+05  2.24394551e+01  2.18776162e+05  2.18776162e+05  0.00000000e+00 
 2.29086765e+05  2.20415086e+01  2.29086765e+05  2.29086765e+05  0.00000000e+00 
 2.39883292e+05  2.16433823e+01  2.39883292e+05  2.39883292e+05  0.00000000e+00 
 2.51188643e+05  2.12450918e+01  2.51188643e+05  2.51188643e+05  0.00000000e+00 
 2.63026799e+05  2.08466514e+01  2.63026799e+05  2.63026799e+05  0.00000000e+00 
 2.75422870e+05  2.04480743e+01  2.75422870e+05  2.75422870e+05  0.00000000e+00 
 2.88403150e+05  2.00493723e+01  2.88403150e+05  2.88403150e+05  0.00000000e+00 
 3.01995172e+05  1.96505565e+01  3.01995172e+05  3.01995172e+05  0.00000000e+00 
 3.16227766e+05  1.92516367e+01  3.16227766e+05  3.16227766e+05  0.00000000e+00 
 3.31131121e+05  1.88526221e+01  3.31131121e+05  3.31131121e+05  0.00000000e+00 
 3.46736850e+05  1.84535209e+01  3.46736850e+05  3.46736850e+05  0.00000000e+00 
 3.63078055e+05  1.80543408e+01  3.63078055e+05  3.63078055e+05  0.00000000e+00 
 3.80189396e+05  1.76550887e+01  3.80189396e+05  3.80189396e+05  0.00000000e+00 
 3.98107171e+05  1.72557708e+01  3.98107171e+05  3.98107171e+05  0.00000000e+00 
 4.16869383e+05  1.68563929e+01  4.16869383e+05  4.16869383e+05  0.00000000e+00 
 4.36515832e+05  1.64569603e+01  4.36515832e+05  4.36515832e+05  0.00000000e+00 
 4.57088190e+05  1.60574778e+01  4.57088190e+05  4.57088190e+05  0.00000000e+00 
 4.78630092e+05  1.56579498e+01  4.78630092e+05  4.78630092e+05  0.00000000e+00 
 5.01187234e+05  1.52583802e+01  5.01187234e+05  5.01187234e+05  0.00000000e+00 
 5.24807460e+05  1.48587727e+01  5.24807460e+05  5.24807460e+05  0.00000000e+00 
 5.49540874e+05  1.44591306e+01  5.49540874e+05  5.49540874e+05  0.00000000e+00 
 5.75439937e+05  1.40594570e+01  5.75439937e+05  5.75439937e+05  0.00000000e+00 
 6.02559586e+05  1.36597545e+01  6.02559586e+05  6.02559586e+05  0.00000000e+00 
 6.30957344e+05  1.32600258e+01  6.30957344e+05  6.30957344e+05  0.00000000e+00 
 6.60693448e+05  1.28602731e+01  6.60693448e+05  6.60693448e+05  0.00000000e+00 
 6.91830971e+05  1.24604986e+01  6.91830971e+05  6.91830971e+05  0.00000000e+00 
 7.24435960e+05  1.20607041e+01  7.24435960e+05  7.24435960e+05  0.00000000e+00 
 7.58577575e+05  1.16608913e+01  7.58577575e+05  7.58577575e+05  0.00000000e+00 
 7.94328235e+05  1.12610619e+01  7.94328235e+05  7.94328235e+05  0.00000000e+00 
 8.31763771e+05  1.08612173e+01  8.31763771e+05  8.31763771e+05  0.00000000e+00 
 8.70963590e+05  1.04613589e+01  8.70963590e+05  8.70963590e+05  0.00000000e+00 
 9.12010839e+05  1.00614878e+01  9.12010839e+05  9.12010839e+05  0.00000000e+00 
 9.54992586e+05  9.66160506e+00  9.54992586e+05  9.54992586e+05  0.00000000e+00 
 1.00000000e+06  9.26171177e+00  1.00000000e+06  1.00000000e+06  0.00000000e+00 
 1.04712855e+06  8.86180880e+00  1.04712855e+06  1.04712855e+06  0.00000000e+00 
 1.09647820e+06  8.46189696e+00  1.09647820e+06  1.09647820e+06  0.00000000e+00 
 1.14815362e+06  8.06197702e+00  1.14815362e+06  1.14815362e+06  0.00000000e+00 
 1.20226443e+06  7.66204965e+00  1.20226443e+06  1.20226443e+06  0.00000000e+00 
 1.25892541e+06  7.26211547e+00  1.25892541e+06  1.25892541e+06  0.00000000e+00 
 1.31825674e+06  6.86217502e+00  1.31825674e+06  1.31825674e+06  0.00000000e+00 
 1.38038426e+06  6.46222883e+00  1.38038426e+06  1.38038426e+06  0.00000000e+00 
 1.44543977e+06  6.06227734e+00  1.44543977e+06  1.44543977e+06  0.00000000e+00 
 1.51356125e+06  5.66232097e+00  1.51356125e+06  1.51356125e+06  0.00000000e+00 
 1.58489319e+06  5.26236009e+00  1.58489319e+06  1.58489319e+06  0.00000000e+00 
 1.65958691e+06  4.86239503e+00  1.65958691e+06  1.65958691e+06  0.00000000e+00 
 1.73780083e+06  4.46242608e+00  1.73780083e+06  1.73780083e+06  0.00000000e+00 
 1.81970086e+06  4.06245351e+00  1.81970086e+06  1.81970086e+06  0.00000000e+00 
 1.90546072e+06  3.66247756e+00  1.90546072e+06  1.90546072e+06  0.00000000e+00 
 1.99526231e+06  3.26249842e+00  1.99526231e+06  1.99526231e+06  0.00000000e+00 
 2.08929613e+06  2.86251627e+00  2.08929613e+06  2.08929613e+06  0.00000000e+00 
 2.18776162e+06  2.46253127e+00  2.18776162e+06  2.18776162e+06  0.00000000e+00 
 2.29086765e+06  2.06254355e+00  2.29086765e+06  2.29086765e+06  0.00000000e+00 
 2.39883292e+06  1.66255319e+00  2.39883292e+06  2.39883292e+06  0.00000000e+00 
 2.51188643e+06  1.26256030e+00  2.51188643e+06  2.51188643e+06  0.00000000e+00 
 2.63026799e+06  8.62564925e-01  2.63026799e+06  2.63026799e+06  0.00000000e+00 
 2.75422870e+06  4.62567108e-01  2.75422870e+06  2.75422870e+06  0.00000000e+00 
 2.88403150e+06  6.25668665e-02  2.88403150e+06  2.88403150e+06  0.00000000e+00 
 3.01995172e+06 -3.37435801e-01  3.01995172e+06  3.01995172e+06  0.00000000e+00 
 3.16227766e+06 -7.37440918e-01  3.16227766e+06  3.16227766e+06  0.00000000e+00 
 3.31131121e+06 -1.13744853e+00  3.31131121e+06  3.31131121e+06  0.00000000e+00 
 3.46736850e+06 -1.53745869e+00  3.46736850e+06  3.46736850e+06  0.00000000e+00 
 3.63078055e+06 -1.93747150e+00  3.63078055e+06  3.63078055e+06  0.00000000e+00 
 3.80189396e+06 -2.33748707e+00  3.80189396e+06  3.80189396e+06  0.00000000e+00 
 3.98107171e+06 -2.73750551e+00  3.98107171e+06  3.98107171e+06  0.00000000e+00 
 4.16869383e+06 -3.13752700e+00  4.16869383e+06  4.16869383e+06  0.00000000e+00 
 4.36515832e+06 -3.53755172e+00  4.36515832e+06  4.36515832e+06  0.00000000e+00 
 4.57088190e+06 -3.93757987e+00  4.57088190e+06  4.57088190e+06  0.00000000e+00 
 4.78630092e+06 -4.33761170e+00  4.78630092e+06  4.78630092e+06  0.00000000e+00 
 5.01187234e+06 -4.73764747e+00  5.01187234e+06  5.01187234e+06  0.00000000e+00 
 5.24807460e+06 -5.13768749e+00  5.24807460e+06  5.24807460e+06  0.00000000e+00 
 5.49540874e+06 -5.53773210e+00  5.49540874e+06  5.49540874e+06  0.00000000e+00 
 5.75439937e+06 -5.93778169e+00  5.75439937e+06  5.75439937e+06  0.00000000e+00 
 6.02559586e+06 -6.33783666e+00  6.02559586e+06  6.02559586e+06  0.00000000e+00 
 6.30957344e+06 -6.73789751e+00  6.30957344e+06  6.30957344e+06  0.00000000e+00 
 6.60693448e+06 -7.13796473e+00  6.60693448e+06  6.60693448e+06  0.00000000e+00 
 6.91830971e+06 -7.53803890e+00  6.91830971e+06  6.91830971e+06  0.00000000e+00 
 7.24435960e+06 -7.93812067e+00  7.24435960e+06  7.24435960e+06  0.00000000e+00 
 7.58577575e+06 -8.33821072e+00  7.58577575e+06  7.58577575e+06  0.00000000e+00 
 7.94328235e+06 -8.73830982e+00  7.94328235e+06  7.94328235e+06  0.00000000e+00 
 8.31763771e+06 -9.13841883e+00  8.31763771e+06  8.31763771e+06  0.00000000e+00 
 8.70963590e+06 -9.53853866e+00  8.70963590e+06  8.70963590e+06  0.00000000e+00 
 9.12010839e+06 -9.93867036e+00  9.12010839e+06  9.12010839e+06  0.00000000e+00 
 9.54992586e+06 -1.03388150e+01  9.54992586e+06  9.54992586e+06  0.00000000e+00 
 1.00000000e+07 -1.07389740e+01  1.00000000e+07  1.00000000e+07  0.00000000e+00 
 1.04712855e+07 -1.11391485e+01  1.04712855e+07  1.04712855e+07  0.00000000e+00 
 1.09647820e+07 -1.15393401e+01  1.09647820e+07  1.09647820e+07  0.00000000e+00 
 1.14815362e+07 -1.19395504e+01  1.14815362e+07  1.14815362e+07  0.00000000e+00 
 1.20226443e+07 -1.23397813e+01  1.20226443e+07  1.20226443e+07  0.00000000e+00 
 1.25892541e+07 -1.27400347e+01  1.25892541e+07  1.25892541e+07  0.00000000e+00 
 1.31825674e+07 -1.31403128e+01  1.31825674e+07  1.31825674e+07  0.00000000e+00 
 1.38038426e+07 -1.35406180e+01  1.38038426e+07  1.38038426e+07  0.00000000e+00 
 1.44543977e+07 -1.39409531e+01  1.44543977e+07  1.44543977e+07  0.00000000e+00 
 1.51356125e+07 -1.43413207e+01  1.51356125e+07  1.51356125e+07  0.00000000e+00 
 1.58489319e+07 -1.47417243e+01  1.58489319e+07  1.58489319e+07  0.00000000e+00 
 1.65958691e+07 -1.51421672e+01  1.65958691e+07  1.65958691e+07  0.00000000e+00 
 1.73780083e+07 -1.55426534e+01  1.73780083e+07  1.73780083e+07  0.00000000e+00 
 1.81970086e+07 -1.59431871e+01  1.81970086e+07  1.81970086e+07  0.00000000e+00 
 1.90546072e+07 -1.63437730e+01  1.90546072e+07  1.90546072e+07  0.00000000e+00 
 1.99526231e+07 -1.67444161e+01  1.99526231e+07  1.99526231e+07  0.00000000e+00 
 2.08929613e+07 -1.71451223e+01  2.08929613e+07  2.08929613e+07  0.00000000e+00 
 2.18776162e+07 -1.75458978e+01  2.18776162e+07  2.18776162e+07  0.00000000e+00 
 2.29086765e+07 -1.79467494e+01  2.29086765e+07  2.29086765e+07  0.00000000e+00 
 2.39883292e+07 -1.83476848e+01  2.39883292e+07  2.39883292e+07  0.00000000e+00 
 2.51188643e+07 -1.87487123e+01  2.51188643e+07  2.51188643e+07  0.00000000e+00 
 2.63026799e+07 -1.91498412e+01  2.63026799e+07  2.63026799e+07  0.00000000e+00 
 2.75422870e+07 -1.95510816e+01  2.75422870e+07  2.75422870e+07  0.00000000e+00 
 2.88403150e+07 -1.99524450e+01  2.88403150e+07  2.88403150e+07  0.00000000e+00 
 3.01995172e+07 -2.03539437e+01  3.01995172e+07  3.01995172e+07  0.00000000e+00 
 3.16227766e+07 -2.07555915e+01  3.16227766e+07  3.16227766e+07  0.00000000e+00 
 3.31131121e+07 -2.11574037e+01  3.31131121e+07  3.31131121e+07  0.00000000e+00 
 3.46736850e+07 -2.15593972e+01  3.46736850e+07  3.46736850e+07  0.00000000e+00 
 3.63078055e+07 -2.19615906e+01  3.63078055e+07  3.63078055e+07  0.00000000e+00 
 3.80189396e+07 -2.23640047e+01  3.80189396e+07  3.80189396e+07  0.00000000e+00 
 3.98107171e+07 -2.27666625e+01  3.98107171e+07  3.98107171e+07  0.00000000e+00 
 4.16869383e+07 -2.31695894e+01  4.16869383e+07  4.16869383e+07  0.00000000e+00 
 4.36515832e+07 -2.35728139e+01  4.36515832e+07  4.36515832e+07  0.00000000e+00 
 4.57088190e+07 -2.39763672e+01  4.57088190e+07  4.57088190e+07  0.00000000e+00 
 4.78630092e+07 -2.43802845e+01  4.78630092e+07  4.78630092e+07  0.00000000e+00 
 5.01187234e+07 -2.47846044e+01  5.01187234e+07  5.01187234e+07  0.00000000e+00 
 5.24807460e+07 -2.51893703e+01  5.24807460e+07  5.24807460e+07  0.00000000e+00 
 5.49540874e+07 -2.55946302e+01  5.49540874e+07  5.49540874e+07  0.00000000e+00 
 5.75439937e+07 -2.60004375e+01  5.75439937e+07  5.75439937e+07  0.00000000e+00 
 6.02559586e+07 -2.64068518e+01  6.02559586e+07  6.02559586e+07  0.00000000e+00 
 6.30957344e+07 -2.68139392e+01  6.30957344e+07  6.30957344e+07  0.00000000e+00 
 6.60693448e+07 -2.72217732e+01  6.60693448e+07  6.60693448e+07  0.00000000e+00 
 6.91830971e+07 -2.76304356e+01  6.91830971e+07  6.91830971e+07  0.00000000e+00 
 7.24435960e+07 -2.80400172e+01  7.24435960e+07  7.24435960e+07  0.00000000e+00 
 7.58577575e+07 -2.84506187e+01  7.58577575e+07  7.58577575e+07  0.00000000e+00 
 7.94328235e+07 -2.88623516e+01  7.94328235e+07  7.94328235e+07  0.00000000e+00 
 8.31763771e+07 -2.92753394e+01  8.31763771e+07  8.31763771e+07  0.00000000e+00 
 8.70963590e+07 -2.96897181e+01  8.70963590e+07  8.70963590e+07  0.00000000e+00 
 9.12010839e+07 -3.01056375e+01  9.12010839e+07  9.12010839e+07  0.00000000e+00 
 9.54992586e+07 -3.05232623e+01  9.54992586e+07  9.54992586e+07  0.00000000e+00 
 1.00000000e+08 -3.09427724e+01  1.00000000e+08  1.00000000e+08  0.00000000e+00 
 1.04712855e+08 -3.13643637e+01  1.04712855e+08  1.04712855e+08  0.00000000e+00 
 1.09647820e+08 -3.17882489e+01  1.09647820e+08  1.09647820e+08  0.00000000e+00 
 1.14815362e+08 -3.22146574e+01  1.14815362e+08  1.14815362e+08  0.00000000e+00 
 1.20226443e+08 -3.26438350e+01  1.20226443e+08  1.20226443e+08  0.00000000e+00 
 1.25892541e+08 -3.30760439e+01  1.25892541e+08  1.25892541e+08  0.00000000e+00 
 1.31825674e+08 -3.35115608e+01  1.31825674e+08  1.31825674e+08  0.00000000e+00 
 1.38038426e+08 -3.39506758e+01  1.38038426e+08  1.38038426e+08  0.00000000e+00 
 1.44543977e+08 -3.43936896e+01  1.44543977e+08  1.44543977e+08  0.00000000e+00 
 1.51356125e+08 -3.48409106e+01  1.51356125e+08  1.51356125e+08  0.00000000e+00 
 1.58489319e+08 -3.52926508e+01  1.58489319e+08  1.58489319e+08  0.00000000e+00 
 1.65958691e+08 -3.57492210e+01  1.65958691e+08  1.65958691e+08  0.00000000e+00 
 1.73780083e+08 -3.62109253e+01  1.73780083e+08  1.73780083e+08  0.00000000e+00 
 1.81970086e+08 -3.66780547e+01  1.81970086e+08  1.81970086e+08  0.00000000e+00 
 1.90546072e+08 -3.71508802e+01  1.90546072e+08  1.90546072e+08  0.00000000e+00 
 1.99526231e+08 -3.76296452e+01  1.99526231e+08  1.99526231e+08  0.00000000e+00 
 2.08929613e+08 -3.81145578e+01  2.08929613e+08  2.08929613e+08  0.00000000e+00 
 2.18776162e+08 -3.86057833e+01  2.18776162e+08  2.18776162e+08  0.00000000e+00 
 2.29086765e+08 -3.91034361e+01  2.29086765e+08  2.29086765e+08  0.00000000e+00 
 2.39883292e+08 -3.96075729e+01  2.39883292e+08  2.39883292e+08  0.00000000e+00 
 2.51188643e+08 -4.01181867e+01  2.51188643e+08  2.51188643e+08  0.00000000e+00 
 2.63026799e+08 -4.06352007e+01  2.63026799e+08  2.63026799e+08  0.00000000e+00 
 2.75422870e+08 -4.11584653e+01  2.75422870e+08  2.75422870e+08  0.00000000e+00 
 2.88403150e+08 -4.16877546e+01  2.88403150e+08  2.88403150e+08  0.00000000e+00 
 3.01995172e+08 -4.22227661e+01  3.01995172e+08  3.01995172e+08  0.00000000e+00 
 3.16227766e+08 -4.27631207e+01  3.16227766e+08  3.16227766e+08  0.00000000e+00 
 3.31131121e+08 -4.33083651e+01  3.31131121e+08  3.31131121e+08  0.00000000e+00 
 3.46736850e+08 -4.38579752e+01  3.46736850e+08  3.46736850e+08  0.00000000e+00 
 3.63078055e+08 -4.44113612e+01  3.63078055e+08  3.63078055e+08  0.00000000e+00 
 3.80189396e+08 -4.49678733e+01  3.80189396e+08  3.80189396e+08  0.00000000e+00 
 3.98107171e+08 -4.55268091e+01  3.98107171e+08  3.98107171e+08  0.00000000e+00 
 4.16869383e+08 -4.60874208e+01  4.16869383e+08  4.16869383e+08  0.00000000e+00 
 4.36515832e+08 -4.66489237e+01  4.36515832e+08  4.36515832e+08  0.00000000e+00 
 4.57088190e+08 -4.72105045e+01  4.57088190e+08  4.57088190e+08  0.00000000e+00 
 4.78630092e+08 -4.77713299e+01  4.78630092e+08  4.78630092e+08  0.00000000e+00 
 5.01187234e+08 -4.83305551e+01  5.01187234e+08  5.01187234e+08  0.00000000e+00 
 5.24807460e+08 -4.88873316e+01  5.24807460e+08  5.24807460e+08  0.00000000e+00 
 5.49540874e+08 -4.94408153e+01  5.49540874e+08  5.49540874e+08  0.00000000e+00 
 5.75439937e+08 -4.99901736e+01  5.75439937e+08  5.75439937e+08  0.00000000e+00 
 6.02559586e+08 -5.05345920e+01  6.02559586e+08  6.02559586e+08  0.00000000e+00 
 6.30957344e+08 -5.10732804e+01  6.30957344e+08  6.30957344e+08  0.00000000e+00 
 6.60693448e+08 -5.16054778e+01  6.60693448e+08  6.60693448e+08  0.00000000e+00 
 6.91830971e+08 -5.21304570e+01  6.91830971e+08  6.91830971e+08  0.00000000e+00 
 7.24435960e+08 -5.26475285e+01  7.24435960e+08  7.24435960e+08  0.00000000e+00 
 7.58577575e+08 -5.31560431e+01  7.58577575e+08  7.58577575e+08  0.00000000e+00 
 7.94328235e+08 -5.36553940e+01  7.94328235e+08  7.94328235e+08  0.00000000e+00 
 8.31763771e+08 -5.41450181e+01  8.31763771e+08  8.31763771e+08  0.00000000e+00 
 8.70963590e+08 -5.46243971e+01  8.70963590e+08  8.70963590e+08  0.00000000e+00 
 9.12010839e+08 -5.50930571e+01  9.12010839e+08  9.12010839e+08  0.00000000e+00 
 9.54992586e+08 -5.55505684e+01  9.54992586e+08  9.54992586e+08  0.00000000e+00 
 1.00000000e+09 -5.59965445e+01  1.00000000e+09  1.00000000e+09  0.00000000e+00 
