 1.00000000e+00  4.51374556e+01  1.00000000e+00  1.00000000e+00  0.00000000e+00 
 1.04712855e+00  4.51374556e+01  1.04712855e+00  1.04712855e+00  0.00000000e+00 
 1.09647820e+00  4.51374556e+01  1.09647820e+00  1.09647820e+00  0.00000000e+00 
 1.14815362e+00  4.51374556e+01  1.14815362e+00  1.14815362e+00  0.00000000e+00 
 1.20226443e+00  4.51374556e+01  1.20226443e+00  1.20226443e+00  0.00000000e+00 
 1.25892541e+00  4.51374556e+01  1.25892541e+00  1.25892541e+00  0.00000000e+00 
 1.31825674e+00  4.51374556e+01  1.31825674e+00  1.31825674e+00  0.00000000e+00 
 1.38038426e+00  4.51374556e+01  1.38038426e+00  1.38038426e+00  0.00000000e+00 
 1.44543977e+00  4.51374556e+01  1.44543977e+00  1.44543977e+00  0.00000000e+00 
 1.51356125e+00  4.51374556e+01  1.51356125e+00  1.51356125e+00  0.00000000e+00 
 1.58489319e+00  4.51374556e+01  1.58489319e+00  1.58489319e+00  0.00000000e+00 
 1.65958691e+00  4.51374556e+01  1.65958691e+00  1.65958691e+00  0.00000000e+00 
 1.73780083e+00  4.51374556e+01  1.73780083e+00  1.73780083e+00  0.00000000e+00 
 1.81970086e+00  4.51374556e+01  1.81970086e+00  1.81970086e+00  0.00000000e+00 
 1.90546072e+00  4.51374555e+01  1.90546072e+00  1.90546072e+00  0.00000000e+00 
 1.99526231e+00  4.51374555e+01  1.99526231e+00  1.99526231e+00  0.00000000e+00 
 2.08929613e+00  4.51374555e+01  2.08929613e+00  2.08929613e+00  0.00000000e+00 
 2.18776162e+00  4.51374555e+01  2.18776162e+00  2.18776162e+00  0.00000000e+00 
 2.29086765e+00  4.51374555e+01  2.29086765e+00  2.29086765e+00  0.00000000e+00 
 2.39883292e+00  4.51374555e+01  2.39883292e+00  2.39883292e+00  0.00000000e+00 
 2.51188643e+00  4.51374555e+01  2.51188643e+00  2.51188643e+00  0.00000000e+00 
 2.63026799e+00  4.51374555e+01  2.63026799e+00  2.63026799e+00  0.00000000e+00 
 2.75422870e+00  4.51374555e+01  2.75422870e+00  2.75422870e+00  0.00000000e+00 
 2.88403150e+00  4.51374555e+01  2.88403150e+00  2.88403150e+00  0.00000000e+00 
 3.01995172e+00  4.51374555e+01  3.01995172e+00  3.01995172e+00  0.00000000e+00 
 3.16227766e+00  4.51374554e+01  3.16227766e+00  3.16227766e+00  0.00000000e+00 
 3.31131121e+00  4.51374554e+01  3.31131121e+00  3.31131121e+00  0.00000000e+00 
 3.46736850e+00  4.51374554e+01  3.46736850e+00  3.46736850e+00  0.00000000e+00 
 3.63078055e+00  4.51374554e+01  3.63078055e+00  3.63078055e+00  0.00000000e+00 
 3.80189396e+00  4.51374554e+01  3.80189396e+00  3.80189396e+00  0.00000000e+00 
 3.98107171e+00  4.51374553e+01  3.98107171e+00  3.98107171e+00  0.00000000e+00 
 4.16869383e+00  4.51374553e+01  4.16869383e+00  4.16869383e+00  0.00000000e+00 
 4.36515832e+00  4.51374553e+01  4.36515832e+00  4.36515832e+00  0.00000000e+00 
 4.57088190e+00  4.51374553e+01  4.57088190e+00  4.57088190e+00  0.00000000e+00 
 4.78630092e+00  4.51374552e+01  4.78630092e+00  4.78630092e+00  0.00000000e+00 
 5.01187234e+00  4.51374552e+01  5.01187234e+00  5.01187234e+00  0.00000000e+00 
 5.24807460e+00  4.51374552e+01  5.24807460e+00  5.24807460e+00  0.00000000e+00 
 5.49540874e+00  4.51374551e+01  5.49540874e+00  5.49540874e+00  0.00000000e+00 
 5.75439937e+00  4.51374551e+01  5.75439937e+00  5.75439937e+00  0.00000000e+00 
 6.02559586e+00  4.51374550e+01  6.02559586e+00  6.02559586e+00  0.00000000e+00 
 6.30957344e+00  4.51374549e+01  6.30957344e+00  6.30957344e+00  0.00000000e+00 
 6.60693448e+00  4.51374549e+01  6.60693448e+00  6.60693448e+00  0.00000000e+00 
 6.91830971e+00  4.51374548e+01  6.91830971e+00  6.91830971e+00  0.00000000e+00 
 7.24435960e+00  4.51374547e+01  7.24435960e+00  7.24435960e+00  0.00000000e+00 
 7.58577575e+00  4.51374547e+01  7.58577575e+00  7.58577575e+00  0.00000000e+00 
 7.94328235e+00  4.51374546e+01  7.94328235e+00  7.94328235e+00  0.00000000e+00 
 8.31763771e+00  4.51374545e+01  8.31763771e+00  8.31763771e+00  0.00000000e+00 
 8.70963590e+00  4.51374544e+01  8.70963590e+00  8.70963590e+00  0.00000000e+00 
 9.12010839e+00  4.51374542e+01  9.12010839e+00  9.12010839e+00  0.00000000e+00 
 9.54992586e+00  4.51374541e+01  9.54992586e+00  9.54992586e+00  0.00000000e+00 
 1.00000000e+01  4.51374540e+01  1.00000000e+01  1.00000000e+01  0.00000000e+00 
 1.04712855e+01  4.51374538e+01  1.04712855e+01  1.04712855e+01  0.00000000e+00 
 1.09647820e+01  4.51374536e+01  1.09647820e+01  1.09647820e+01  0.00000000e+00 
 1.14815362e+01  4.51374534e+01  1.14815362e+01  1.14815362e+01  0.00000000e+00 
 1.20226443e+01  4.51374532e+01  1.20226443e+01  1.20226443e+01  0.00000000e+00 
 1.25892541e+01  4.51374530e+01  1.25892541e+01  1.25892541e+01  0.00000000e+00 
 1.31825674e+01  4.51374527e+01  1.31825674e+01  1.31825674e+01  0.00000000e+00 
 1.38038426e+01  4.51374525e+01  1.38038426e+01  1.38038426e+01  0.00000000e+00 
 1.44543977e+01  4.51374521e+01  1.44543977e+01  1.44543977e+01  0.00000000e+00 
 1.51356125e+01  4.51374518e+01  1.51356125e+01  1.51356125e+01  0.00000000e+00 
 1.58489319e+01  4.51374515e+01  1.58489319e+01  1.58489319e+01  0.00000000e+00 
 1.65958691e+01  4.51374510e+01  1.65958691e+01  1.65958691e+01  0.00000000e+00 
 1.73780083e+01  4.51374506e+01  1.73780083e+01  1.73780083e+01  0.00000000e+00 
 1.81970086e+01  4.51374501e+01  1.81970086e+01  1.81970086e+01  0.00000000e+00 
 1.90546072e+01  4.51374496e+01  1.90546072e+01  1.90546072e+01  0.00000000e+00 
 1.99526231e+01  4.51374490e+01  1.99526231e+01  1.99526231e+01  0.00000000e+00 
 2.08929613e+01  4.51374484e+01  2.08929613e+01  2.08929613e+01  0.00000000e+00 
 2.18776162e+01  4.51374477e+01  2.18776162e+01  2.18776162e+01  0.00000000e+00 
 2.29086765e+01  4.51374469e+01  2.29086765e+01  2.29086765e+01  0.00000000e+00 
 2.39883292e+01  4.51374461e+01  2.39883292e+01  2.39883292e+01  0.00000000e+00 
 2.51188643e+01  4.51374452e+01  2.51188643e+01  2.51188643e+01  0.00000000e+00 
 2.63026799e+01  4.51374442e+01  2.63026799e+01  2.63026799e+01  0.00000000e+00 
 2.75422870e+01  4.51374431e+01  2.75422870e+01  2.75422870e+01  0.00000000e+00 
 2.88403150e+01  4.51374418e+01  2.88403150e+01  2.88403150e+01  0.00000000e+00 
 3.01995172e+01  4.51374405e+01  3.01995172e+01  3.01995172e+01  0.00000000e+00 
 3.16227766e+01  4.51374391e+01  3.16227766e+01  3.16227766e+01  0.00000000e+00 
 3.31131121e+01  4.51374375e+01  3.31131121e+01  3.31131121e+01  0.00000000e+00 
 3.46736850e+01  4.51374357e+01  3.46736850e+01  3.46736850e+01  0.00000000e+00 
 3.63078055e+01  4.51374338e+01  3.63078055e+01  3.63078055e+01  0.00000000e+00 
 3.80189396e+01  4.51374317e+01  3.80189396e+01  3.80189396e+01  0.00000000e+00 
 3.98107171e+01  4.51374294e+01  3.98107171e+01  3.98107171e+01  0.00000000e+00 
 4.16869383e+01  4.51374269e+01  4.16869383e+01  4.16869383e+01  0.00000000e+00 
 4.36515832e+01  4.51374241e+01  4.36515832e+01  4.36515832e+01  0.00000000e+00 
 4.57088190e+01  4.51374210e+01  4.57088190e+01  4.57088190e+01  0.00000000e+00 
 4.78630092e+01  4.51374177e+01  4.78630092e+01  4.78630092e+01  0.00000000e+00 
 5.01187234e+01  4.51374140e+01  5.01187234e+01  5.01187234e+01  0.00000000e+00 
 5.24807460e+01  4.51374100e+01  5.24807460e+01  5.24807460e+01  0.00000000e+00 
 5.49540874e+01  4.51374056e+01  5.49540874e+01  5.49540874e+01  0.00000000e+00 
 5.75439937e+01  4.51374008e+01  5.75439937e+01  5.75439937e+01  0.00000000e+00 
 6.02559586e+01  4.51373955e+01  6.02559586e+01  6.02559586e+01  0.00000000e+00 
 6.30957344e+01  4.51373897e+01  6.30957344e+01  6.30957344e+01  0.00000000e+00 
 6.60693448e+01  4.51373834e+01  6.60693448e+01  6.60693448e+01  0.00000000e+00 
 6.91830971e+01  4.51373764e+01  6.91830971e+01  6.91830971e+01  0.00000000e+00 
 7.24435960e+01  4.51373688e+01  7.24435960e+01  7.24435960e+01  0.00000000e+00 
 7.58577575e+01  4.51373604e+01  7.58577575e+01  7.58577575e+01  0.00000000e+00 
 7.94328235e+01  4.51373512e+01  7.94328235e+01  7.94328235e+01  0.00000000e+00 
 8.31763771e+01  4.51373411e+01  8.31763771e+01  8.31763771e+01  0.00000000e+00 
 8.70963590e+01  4.51373301e+01  8.70963590e+01  8.70963590e+01  0.00000000e+00 
 9.12010839e+01  4.51373180e+01  9.12010839e+01  9.12010839e+01  0.00000000e+00 
 9.54992586e+01  4.51373047e+01  9.54992586e+01  9.54992586e+01  0.00000000e+00 
 1.00000000e+02  4.51372901e+01  1.00000000e+02  1.00000000e+02  0.00000000e+00 
 1.04712855e+02  4.51372742e+01  1.04712855e+02  1.04712855e+02  0.00000000e+00 
 1.09647820e+02  4.51372567e+01  1.09647820e+02  1.09647820e+02  0.00000000e+00 
 1.14815362e+02  4.51372375e+01  1.14815362e+02  1.14815362e+02  0.00000000e+00 
 1.20226443e+02  4.51372164e+01  1.20226443e+02  1.20226443e+02  0.00000000e+00 
 1.25892541e+02  4.51371934e+01  1.25892541e+02  1.25892541e+02  0.00000000e+00 
 1.31825674e+02  4.51371681e+01  1.31825674e+02  1.31825674e+02  0.00000000e+00 
 1.38038426e+02  4.51371403e+01  1.38038426e+02  1.38038426e+02  0.00000000e+00 
 1.44543977e+02  4.51371099e+01  1.44543977e+02  1.44543977e+02  0.00000000e+00 
 1.51356125e+02  4.51370765e+01  1.51356125e+02  1.51356125e+02  0.00000000e+00 
 1.58489319e+02  4.51370400e+01  1.58489319e+02  1.58489319e+02  0.00000000e+00 
 1.65958691e+02  4.51369999e+01  1.65958691e+02  1.65958691e+02  0.00000000e+00 
 1.73780083e+02  4.51369559e+01  1.73780083e+02  1.73780083e+02  0.00000000e+00 
 1.81970086e+02  4.51369077e+01  1.81970086e+02  1.81970086e+02  0.00000000e+00 
 1.90546072e+02  4.51368548e+01  1.90546072e+02  1.90546072e+02  0.00000000e+00 
 1.99526231e+02  4.51367969e+01  1.99526231e+02  1.99526231e+02  0.00000000e+00 
 2.08929613e+02  4.51367333e+01  2.08929613e+02  2.08929613e+02  0.00000000e+00 
 2.18776162e+02  4.51366637e+01  2.18776162e+02  2.18776162e+02  0.00000000e+00 
 2.29086765e+02  4.51365873e+01  2.29086765e+02  2.29086765e+02  0.00000000e+00 
 2.39883292e+02  4.51365035e+01  2.39883292e+02  2.39883292e+02  0.00000000e+00 
 2.51188643e+02  4.51364117e+01  2.51188643e+02  2.51188643e+02  0.00000000e+00 
 2.63026799e+02  4.51363110e+01  2.63026799e+02  2.63026799e+02  0.00000000e+00 
 2.75422870e+02  4.51362005e+01  2.75422870e+02  2.75422870e+02  0.00000000e+00 
 2.88403150e+02  4.51360795e+01  2.88403150e+02  2.88403150e+02  0.00000000e+00 
 3.01995172e+02  4.51359467e+01  3.01995172e+02  3.01995172e+02  0.00000000e+00 
 3.16227766e+02  4.51358012e+01  3.16227766e+02  3.16227766e+02  0.00000000e+00 
 3.31131121e+02  4.51356416e+01  3.31131121e+02  3.31131121e+02  0.00000000e+00 
 3.46736850e+02  4.51354666e+01  3.46736850e+02  3.46736850e+02  0.00000000e+00 
 3.63078055e+02  4.51352748e+01  3.63078055e+02  3.63078055e+02  0.00000000e+00 
 3.80189396e+02  4.51350644e+01  3.80189396e+02  3.80189396e+02  0.00000000e+00 
 3.98107171e+02  4.51348338e+01  3.98107171e+02  3.98107171e+02  0.00000000e+00 
 4.16869383e+02  4.51345809e+01  4.16869383e+02  4.16869383e+02  0.00000000e+00 
 4.36515832e+02  4.51343037e+01  4.36515832e+02  4.36515832e+02  0.00000000e+00 
 4.57088190e+02  4.51339997e+01  4.57088190e+02  4.57088190e+02  0.00000000e+00 
 4.78630092e+02  4.51336665e+01  4.78630092e+02  4.78630092e+02  0.00000000e+00 
 5.01187234e+02  4.51333011e+01  5.01187234e+02  5.01187234e+02  0.00000000e+00 
 5.24807460e+02  4.51329005e+01  5.24807460e+02  5.24807460e+02  0.00000000e+00 
 5.49540874e+02  4.51324612e+01  5.49540874e+02  5.49540874e+02  0.00000000e+00 
 5.75439937e+02  4.51319797e+01  5.75439937e+02  5.75439937e+02  0.00000000e+00 
 6.02559586e+02  4.51314518e+01  6.02559586e+02  6.02559586e+02  0.00000000e+00 
 6.30957344e+02  4.51308730e+01  6.30957344e+02  6.30957344e+02  0.00000000e+00 
 6.60693448e+02  4.51302384e+01  6.60693448e+02  6.60693448e+02  0.00000000e+00 
 6.91830971e+02  4.51295427e+01  6.91830971e+02  6.91830971e+02  0.00000000e+00 
 7.24435960e+02  4.51287801e+01  7.24435960e+02  7.24435960e+02  0.00000000e+00 
 7.58577575e+02  4.51279440e+01  7.58577575e+02  7.58577575e+02  0.00000000e+00 
 7.94328235e+02  4.51270274e+01  7.94328235e+02  7.94328235e+02  0.00000000e+00 
 8.31763771e+02  4.51260227e+01  8.31763771e+02  8.31763771e+02  0.00000000e+00 
 8.70963590e+02  4.51249212e+01  8.70963590e+02  8.70963590e+02  0.00000000e+00 
 9.12010839e+02  4.51237138e+01  9.12010839e+02  9.12010839e+02  0.00000000e+00 
 9.54992586e+02  4.51223904e+01  9.54992586e+02  9.54992586e+02  0.00000000e+00 
 1.00000000e+03  4.51209396e+01  1.00000000e+03  1.00000000e+03  0.00000000e+00 
 1.04712855e+03  4.51193495e+01  1.04712855e+03  1.04712855e+03  0.00000000e+00 
 1.09647820e+03  4.51176067e+01  1.09647820e+03  1.09647820e+03  0.00000000e+00 
 1.14815362e+03  4.51156965e+01  1.14815362e+03  1.14815362e+03  0.00000000e+00 
 1.20226443e+03  4.51136030e+01  1.20226443e+03  1.20226443e+03  0.00000000e+00 
 1.25892541e+03  4.51113086e+01  1.25892541e+03  1.25892541e+03  0.00000000e+00 
 1.31825674e+03  4.51087943e+01  1.31825674e+03  1.31825674e+03  0.00000000e+00 
 1.38038426e+03  4.51060391e+01  1.38038426e+03  1.38038426e+03  0.00000000e+00 
 1.44543977e+03  4.51030201e+01  1.44543977e+03  1.44543977e+03  0.00000000e+00 
 1.51356125e+03  4.50997122e+01  1.51356125e+03  1.51356125e+03  0.00000000e+00 
 1.58489319e+03  4.50960880e+01  1.58489319e+03  1.58489319e+03  0.00000000e+00 
 1.65958691e+03  4.50921177e+01  1.65958691e+03  1.65958691e+03  0.00000000e+00 
 1.73780083e+03  4.50877686e+01  1.73780083e+03  1.73780083e+03  0.00000000e+00 
 1.81970086e+03  4.50830048e+01  1.81970086e+03  1.81970086e+03  0.00000000e+00 
 1.90546072e+03  4.50777874e+01  1.90546072e+03  1.90546072e+03  0.00000000e+00 
 1.99526231e+03  4.50720738e+01  1.99526231e+03  1.99526231e+03  0.00000000e+00 
 2.08929613e+03  4.50658177e+01  2.08929613e+03  2.08929613e+03  0.00000000e+00 
 2.18776162e+03  4.50589683e+01  2.18776162e+03  2.18776162e+03  0.00000000e+00 
 2.29086765e+03  4.50514704e+01  2.29086765e+03  2.29086765e+03  0.00000000e+00 
 2.39883292e+03  4.50432641e+01  2.39883292e+03  2.39883292e+03  0.00000000e+00 
 2.51188643e+03  4.50342838e+01  2.51188643e+03  2.51188643e+03  0.00000000e+00 
 2.63026799e+03  4.50244584e+01  2.63026799e+03  2.63026799e+03  0.00000000e+00 
 2.75422870e+03  4.50137105e+01  2.75422870e+03  2.75422870e+03  0.00000000e+00 
 2.88403150e+03  4.50019562e+01  2.88403150e+03  2.88403150e+03  0.00000000e+00 
 3.01995172e+03  4.49891043e+01  3.01995172e+03  3.01995172e+03  0.00000000e+00 
 3.16227766e+03  4.49750561e+01  3.16227766e+03  3.16227766e+03  0.00000000e+00 
 3.31131121e+03  4.49597046e+01  3.31131121e+03  3.31131121e+03  0.00000000e+00 
 3.46736850e+03  4.49429341e+01  3.46736850e+03  3.46736850e+03  0.00000000e+00 
 3.63078055e+03  4.49246198e+01  3.63078055e+03  3.63078055e+03  0.00000000e+00 
 3.80189396e+03  4.49046269e+01  3.80189396e+03  3.80189396e+03  0.00000000e+00 
 3.98107171e+03  4.48828104e+01  3.98107171e+03  3.98107171e+03  0.00000000e+00 
 4.16869383e+03  4.48590144e+01  4.16869383e+03  4.16869383e+03  0.00000000e+00 
 4.36515832e+03  4.48330716e+01  4.36515832e+03  4.36515832e+03  0.00000000e+00 
 4.57088190e+03  4.48048028e+01  4.57088190e+03  4.57088190e+03  0.00000000e+00 
 4.78630092e+03  4.47740168e+01  4.78630092e+03  4.78630092e+03  0.00000000e+00 
 5.01187234e+03  4.47405096e+01  5.01187234e+03  5.01187234e+03  0.00000000e+00 
 5.24807460e+03  4.47040643e+01  5.24807460e+03  5.24807460e+03  0.00000000e+00 
 5.49540874e+03  4.46644513e+01  5.49540874e+03  5.49540874e+03  0.00000000e+00 
 5.75439937e+03  4.46214278e+01  5.75439937e+03  5.75439937e+03  0.00000000e+00 
 6.02559586e+03  4.45747383e+01  6.02559586e+03  6.02559586e+03  0.00000000e+00 
 6.30957344e+03  4.45241146e+01  6.30957344e+03  6.30957344e+03  0.00000000e+00 
 6.60693448e+03  4.44692768e+01  6.60693448e+03  6.60693448e+03  0.00000000e+00 
 6.91830971e+03  4.44099336e+01  6.91830971e+03  6.91830971e+03  0.00000000e+00 
 7.24435960e+03  4.43457838e+01  7.24435960e+03  7.24435960e+03  0.00000000e+00 
 7.58577575e+03  4.42765171e+01  7.58577575e+03  7.58577575e+03  0.00000000e+00 
 7.94328235e+03  4.42018164e+01  7.94328235e+03  7.94328235e+03  0.00000000e+00 
 8.31763771e+03  4.41213590e+01  8.31763771e+03  8.31763771e+03  0.00000000e+00 
 8.70963590e+03  4.40348193e+01  8.70963590e+03  8.70963590e+03  0.00000000e+00 
 9.12010839e+03  4.39418714e+01  9.12010839e+03  9.12010839e+03  0.00000000e+00 
 9.54992586e+03  4.38421916e+01  9.54992586e+03  9.54992586e+03  0.00000000e+00 
 1.00000000e+04  4.37354619e+01  1.00000000e+04  1.00000000e+04  0.00000000e+00 
 1.04712855e+04  4.36213731e+01  1.04712855e+04  1.04712855e+04  0.00000000e+00 
 1.09647820e+04  4.34996286e+01  1.09647820e+04  1.09647820e+04  0.00000000e+00 
 1.14815362e+04  4.33699477e+01  1.14815362e+04  1.14815362e+04  0.00000000e+00 
 1.20226443e+04  4.32320693e+01  1.20226443e+04  1.20226443e+04  0.00000000e+00 
 1.25892541e+04  4.30857558e+01  1.25892541e+04  1.25892541e+04  0.00000000e+00 
 1.31825674e+04  4.29307964e+01  1.31825674e+04  1.31825674e+04  0.00000000e+00 
 1.38038426e+04  4.27670099e+01  1.38038426e+04  1.38038426e+04  0.00000000e+00 
 1.44543977e+04  4.25942480e+01  1.44543977e+04  1.44543977e+04  0.00000000e+00 
 1.51356125e+04  4.24123977e+01  1.51356125e+04  1.51356125e+04  0.00000000e+00 
 1.58489319e+04  4.22213827e+01  1.58489319e+04  1.58489319e+04  0.00000000e+00 
 1.65958691e+04  4.20211650e+01  1.65958691e+04  1.65958691e+04  0.00000000e+00 
 1.73780083e+04  4.18117455e+01  1.73780083e+04  1.73780083e+04  0.00000000e+00 
 1.81970086e+04  4.15931641e+01  1.81970086e+04  1.81970086e+04  0.00000000e+00 
 1.90546072e+04  4.13654988e+01  1.90546072e+04  1.90546072e+04  0.00000000e+00 
 1.99526231e+04  4.11288643e+01  1.99526231e+04  1.99526231e+04  0.00000000e+00 
 2.08929613e+04  4.08834107e+01  2.08929613e+04  2.08929613e+04  0.00000000e+00 
 2.18776162e+04  4.06293203e+01  2.18776162e+04  2.18776162e+04  0.00000000e+00 
 2.29086765e+04  4.03668056e+01  2.29086765e+04  2.29086765e+04  0.00000000e+00 
 2.39883292e+04  4.00961052e+01  2.39883292e+04  2.39883292e+04  0.00000000e+00 
 2.51188643e+04  3.98174813e+01  2.51188643e+04  2.51188643e+04  0.00000000e+00 
 2.63026799e+04  3.95312153e+01  2.63026799e+04  2.63026799e+04  0.00000000e+00 
 2.75422870e+04  3.92376047e+01  2.75422870e+04  2.75422870e+04  0.00000000e+00 
 2.88403150e+04  3.89369589e+01  2.88403150e+04  2.88403150e+04  0.00000000e+00 
 3.01995172e+04  3.86295966e+01  3.01995172e+04  3.01995172e+04  0.00000000e+00 
 3.16227766e+04  3.83158413e+01  3.16227766e+04  3.16227766e+04  0.00000000e+00 
 3.31131121e+04  3.79960193e+01  3.31131121e+04  3.31131121e+04  0.00000000e+00 
 3.46736850e+04  3.76704558e+01  3.46736850e+04  3.46736850e+04  0.00000000e+00 
 3.63078055e+04  3.73394734e+01  3.63078055e+04  3.63078055e+04  0.00000000e+00 
 3.80189396e+04  3.70033891e+01  3.80189396e+04  3.80189396e+04  0.00000000e+00 
 3.98107171e+04  3.66625125e+01  3.98107171e+04  3.98107171e+04  0.00000000e+00 
 4.16869383e+04  3.63171446e+01  4.16869383e+04  4.16869383e+04  0.00000000e+00 
 4.36515832e+04  3.59675760e+01  4.36515832e+04  4.36515832e+04  0.00000000e+00 
 4.57088190e+04  3.56140863e+01  4.57088190e+04  4.57088190e+04  0.00000000e+00 
 4.78630092e+04  3.52569429e+01  4.78630092e+04  4.78630092e+04  0.00000000e+00 
 5.01187234e+04  3.48964008e+01  5.01187234e+04  5.01187234e+04  0.00000000e+00 
 5.24807460e+04  3.45327020e+01  5.24807460e+04  5.24807460e+04  0.00000000e+00 
 5.49540874e+04  3.41660758e+01  5.49540874e+04  5.49540874e+04  0.00000000e+00 
 5.75439937e+04  3.37967383e+01  5.75439937e+04  5.75439937e+04  0.00000000e+00 
 6.02559586e+04  3.34248929e+01  6.02559586e+04  6.02559586e+04  0.00000000e+00 
 6.30957344e+04  3.30507303e+01  6.30957344e+04  6.30957344e+04  0.00000000e+00 
 6.60693448e+04  3.26744290e+01  6.60693448e+04  6.60693448e+04  0.00000000e+00 
 6.91830971e+04  3.22961559e+01  6.91830971e+04  6.91830971e+04  0.00000000e+00 
 7.24435960e+04  3.19160662e+01  7.24435960e+04  7.24435960e+04  0.00000000e+00 
 7.58577575e+04  3.15343046e+01  7.58577575e+04  7.58577575e+04  0.00000000e+00 
 7.94328235e+04  3.11510052e+01  7.94328235e+04  7.94328235e+04  0.00000000e+00 
 8.31763771e+04  3.07662925e+01  8.31763771e+04  8.31763771e+04  0.00000000e+00 
 8.70963590e+04  3.03802818e+01  8.70963590e+04  8.70963590e+04  0.00000000e+00 
 9.12010839e+04  2.99930796e+01  9.12010839e+04  9.12010839e+04  0.00000000e+00 
 9.54992586e+04  2.96047843e+01  9.54992586e+04  9.54992586e+04  0.00000000e+00 
 1.00000000e+05  2.92154867e+01  1.00000000e+05  1.00000000e+05  0.00000000e+00 
 1.04712855e+05  2.88252705e+01  1.04712855e+05  1.04712855e+05  0.00000000e+00 
 1.09647820e+05  2.84342126e+01  1.09647820e+05  1.09647820e+05  0.00000000e+00 
 1.14815362e+05  2.80423840e+01  1.14815362e+05  1.14815362e+05  0.00000000e+00 
 1.20226443e+05  2.76498498e+01  1.20226443e+05  1.20226443e+05  0.00000000e+00 
 1.25892541e+05  2.72566700e+01  1.25892541e+05  1.25892541e+05  0.00000000e+00 
 1.31825674e+05  2.68628993e+01  1.31825674e+05  1.31825674e+05  0.00000000e+00 
 1.38038426e+05  2.64685884e+01  1.38038426e+05  1.38038426e+05  0.00000000e+00 
 1.44543977e+05  2.60737834e+01  1.44543977e+05  1.44543977e+05  0.00000000e+00 
 1.51356125e+05  2.56785267e+01  1.51356125e+05  1.51356125e+05  0.00000000e+00 
 1.58489319e+05  2.52828571e+01  1.58489319e+05  1.58489319e+05  0.00000000e+00 
 1.65958691e+05  2.48868103e+01  1.65958691e+05  1.65958691e+05  0.00000000e+00 
 1.73780083e+05  2.44904188e+01  1.73780083e+05  1.73780083e+05  0.00000000e+00 
 1.81970086e+05  2.40937124e+01  1.81970086e+05  1.81970086e+05  0.00000000e+00 
 1.90546072e+05  2.36967183e+01  1.90546072e+05  1.90546072e+05  0.00000000e+00 
 1.99526231e+05  2.32994616e+01  1.99526231e+05  1.99526231e+05  0.00000000e+00 
 2.08929613e+05  2.29019650e+01  2.08929613e+05  2.08929613e+05  0.00000000e+00 
 2.18776162e+05  2.25042493e+01  2.18776162e+05  2.18776162e+05  0.00000000e+00 
 2.29086765e+05  2.21063337e+01  2.29086765e+05  2.29086765e+05  0.00000000e+00 
 2.39883292e+05  2.17082356e+01  2.39883292e+05  2.39883292e+05  0.00000000e+00 
 2.51188643e+05  2.13099708e+01  2.51188643e+05  2.51188643e+05  0.00000000e+00 
 2.63026799e+05  2.09115539e+01  2.63026799e+05  2.63026799e+05  0.00000000e+00 
 2.75422870e+05  2.05129982e+01  2.75422870e+05  2.75422870e+05  0.00000000e+00 
 2.88403150e+05  2.01143158e+01  2.88403150e+05  2.88403150e+05  0.00000000e+00 
 3.01995172e+05  1.97155178e+01  3.01995172e+05  3.01995172e+05  0.00000000e+00 
 3.16227766e+05  1.93166143e+01  3.16227766e+05  3.16227766e+05  0.00000000e+00 
 3.31131121e+05  1.89176146e+01  3.31131121e+05  3.31131121e+05  0.00000000e+00 
 3.46736850e+05  1.85185270e+01  3.46736850e+05  3.46736850e+05  0.00000000e+00 
 3.63078055e+05  1.81193592e+01  3.63078055e+05  3.63078055e+05  0.00000000e+00 
 3.80189396e+05  1.77201184e+01  3.80189396e+05  3.80189396e+05  0.00000000e+00 
 3.98107171e+05  1.73208108e+01  3.98107171e+05  3.98107171e+05  0.00000000e+00 
 4.16869383e+05  1.69214423e+01  4.16869383e+05  4.16869383e+05  0.00000000e+00 
 4.36515832e+05  1.65220183e+01  4.36515832e+05  4.36515832e+05  0.00000000e+00 
 4.57088190e+05  1.61225436e+01  4.57088190e+05  4.57088190e+05  0.00000000e+00 
 4.78630092e+05  1.57230227e+01  4.78630092e+05  4.78630092e+05  0.00000000e+00 
 5.01187234e+05  1.53234596e+01  5.01187234e+05  5.01187234e+05  0.00000000e+00 
 5.24807460e+05  1.49238581e+01  5.24807460e+05  5.24807460e+05  0.00000000e+00 
 5.49540874e+05  1.45242214e+01  5.49540874e+05  5.49540874e+05  0.00000000e+00 
 5.75439937e+05  1.41245527e+01  5.75439937e+05  5.75439937e+05  0.00000000e+00 
 6.02559586e+05  1.37248548e+01  6.02559586e+05  6.02559586e+05  0.00000000e+00 
 6.30957344e+05  1.33251302e+01  6.30957344e+05  6.30957344e+05  0.00000000e+00 
 6.60693448e+05  1.29253813e+01  6.60693448e+05  6.60693448e+05  0.00000000e+00 
 6.91830971e+05  1.25256102e+01  6.91830971e+05  6.91830971e+05  0.00000000e+00 
 7.24435960e+05  1.21258188e+01  7.24435960e+05  7.24435960e+05  0.00000000e+00 
 7.58577575e+05  1.17260089e+01  7.58577575e+05  7.58577575e+05  0.00000000e+00 
 7.94328235e+05  1.13261821e+01  7.94328235e+05  7.94328235e+05  0.00000000e+00 
 8.31763771e+05  1.09263399e+01  8.31763771e+05  8.31763771e+05  0.00000000e+00 
 8.70963590e+05  1.05264837e+01  8.70963590e+05  8.70963590e+05  0.00000000e+00 
 9.12010839e+05  1.01266145e+01  9.12010839e+05  9.12010839e+05  0.00000000e+00 
 9.54992586e+05  9.72673364e+00  9.54992586e+05  9.54992586e+05  0.00000000e+00 
 1.00000000e+06  9.32684202e+00  1.00000000e+06  1.00000000e+06  0.00000000e+00 
 1.04712855e+06  8.92694057e+00  1.04712855e+06  1.04712855e+06  0.00000000e+00 
 1.09647820e+06  8.52703014e+00  1.09647820e+06  1.09647820e+06  0.00000000e+00 
 1.14815362e+06  8.12711148e+00  1.14815362e+06  1.14815362e+06  0.00000000e+00 
 1.20226443e+06  7.72718529e+00  1.20226443e+06  1.20226443e+06  0.00000000e+00 
 1.25892541e+06  7.32725219e+00  1.25892541e+06  1.25892541e+06  0.00000000e+00 
 1.31825674e+06  6.92731274e+00  1.31825674e+06  1.31825674e+06  0.00000000e+00 
 1.38038426e+06  6.52736747e+00  1.38038426e+06  1.38038426e+06  0.00000000e+00 
 1.44543977e+06  6.12741683e+00  1.44543977e+06  1.44543977e+06  0.00000000e+00 
 1.51356125e+06  5.72746125e+00  1.51356125e+06  1.51356125e+06  0.00000000e+00 
 1.58489319e+06  5.32750110e+00  1.58489319e+06  1.58489319e+06  0.00000000e+00 
 1.65958691e+06  4.92753672e+00  1.65958691e+06  1.65958691e+06  0.00000000e+00 
 1.73780083e+06  4.52756841e+00  1.73780083e+06  1.73780083e+06  0.00000000e+00 
 1.81970086e+06  4.12759644e+00  1.81970086e+06  1.81970086e+06  0.00000000e+00 
 1.90546072e+06  3.72762105e+00  1.90546072e+06  1.90546072e+06  0.00000000e+00 
 1.99526231e+06  3.32764246e+00  1.99526231e+06  1.99526231e+06  0.00000000e+00 
 2.08929613e+06  2.92766083e+00  2.08929613e+06  2.08929613e+06  0.00000000e+00 
 2.18776162e+06  2.52767632e+00  2.18776162e+06  2.18776162e+06  0.00000000e+00 
 2.29086765e+06  2.12768907e+00  2.29086765e+06  2.29086765e+06  0.00000000e+00 
 2.39883292e+06  1.72769919e+00  2.39883292e+06  2.39883292e+06  0.00000000e+00 
 2.51188643e+06  1.32770676e+00  2.51188643e+06  2.51188643e+06  0.00000000e+00 
 2.63026799e+06  9.27711847e-01  2.63026799e+06  2.63026799e+06  0.00000000e+00 
 2.75422870e+06  5.27714491e-01  2.75422870e+06  2.75422870e+06  0.00000000e+00 
 2.88403150e+06  1.27714716e-01  2.88403150e+06  2.88403150e+06  0.00000000e+00 
 3.01995172e+06 -2.72287476e-01  3.01995172e+06  3.01995172e+06  0.00000000e+00 
 3.16227766e+06 -6.72292104e-01  3.16227766e+06  3.16227766e+06  0.00000000e+00 
 3.31131121e+06 -1.07229921e+00  3.31131121e+06  3.31131121e+06  0.00000000e+00 
 3.46736850e+06 -1.47230884e+00  3.46736850e+06  3.46736850e+06  0.00000000e+00 
 3.63078055e+06 -1.87232110e+00  3.63078055e+06  3.63078055e+06  0.00000000e+00 
 3.80189396e+06 -2.27233607e+00  3.80189396e+06  3.80189396e+06  0.00000000e+00 
 3.98107171e+06 -2.67235390e+00  3.98107171e+06  3.98107171e+06  0.00000000e+00 
 4.16869383e+06 -3.07237472e+00  4.16869383e+06  4.16869383e+06  0.00000000e+00 
 4.36515832e+06 -3.47239872e+00  4.36515832e+06  4.36515832e+06  0.00000000e+00 
 4.57088190e+06 -3.87242610e+00  4.57088190e+06  4.57088190e+06  0.00000000e+00 
 4.78630092e+06 -4.27245709e+00  4.78630092e+06  4.78630092e+06  0.00000000e+00 
 5.01187234e+06 -4.67249195e+00  5.01187234e+06  5.01187234e+06  0.00000000e+00 
 5.24807460e+06 -5.07253099e+00  5.24807460e+06  5.24807460e+06  0.00000000e+00 
 5.49540874e+06 -5.47257452e+00  5.49540874e+06  5.49540874e+06  0.00000000e+00 
 5.75439937e+06 -5.87262293e+00  5.75439937e+06  5.75439937e+06  0.00000000e+00 
 6.02559586e+06 -6.27267662e+00  6.02559586e+06  6.02559586e+06  0.00000000e+00 
 6.30957344e+06 -6.67273605e+00  6.30957344e+06  6.30957344e+06  0.00000000e+00 
 6.60693448e+06 -7.07280172e+00  6.60693448e+06  6.60693448e+06  0.00000000e+00 
 6.91830971e+06 -7.47287418e+00  6.91830971e+06  6.91830971e+06  0.00000000e+00 
 7.24435960e+06 -7.87295406e+00  7.24435960e+06  7.24435960e+06  0.00000000e+00 
 7.58577575e+06 -8.27304203e+00  7.58577575e+06  7.58577575e+06  0.00000000e+00 
 7.94328235e+06 -8.67313884e+00  7.94328235e+06  7.94328235e+06  0.00000000e+00 
 8.31763771e+06 -9.07324530e+00  8.31763771e+06  8.31763771e+06  0.00000000e+00 
 8.70963590e+06 -9.47336232e+00  8.70963590e+06  8.70963590e+06  0.00000000e+00 
 9.12010839e+06 -9.87349089e+00  9.12010839e+06  9.12010839e+06  0.00000000e+00 
 9.54992586e+06 -1.02736321e+01  9.54992586e+06  9.54992586e+06  0.00000000e+00 
 1.00000000e+07 -1.06737872e+01  1.00000000e+07  1.00000000e+07  0.00000000e+00 
 1.04712855e+07 -1.10739574e+01  1.04712855e+07  1.04712855e+07  0.00000000e+00 
 1.09647820e+07 -1.14741442e+01  1.09647820e+07  1.09647820e+07  0.00000000e+00 
 1.14815362e+07 -1.18743491e+01  1.14815362e+07  1.14815362e+07  0.00000000e+00 
 1.20226443e+07 -1.22745740e+01  1.20226443e+07  1.20226443e+07  0.00000000e+00 
 1.25892541e+07 -1.26748207e+01  1.25892541e+07  1.25892541e+07  0.00000000e+00 
 1.31825674e+07 -1.30750913e+01  1.31825674e+07  1.31825674e+07  0.00000000e+00 
 1.38038426e+07 -1.34753881e+01  1.38038426e+07  1.38038426e+07  0.00000000e+00 
 1.44543977e+07 -1.38757136e+01  1.44543977e+07  1.44543977e+07  0.00000000e+00 
 1.51356125e+07 -1.42760705e+01  1.51356125e+07  1.51356125e+07  0.00000000e+00 
 1.58489319e+07 -1.46764619e+01  1.58489319e+07  1.58489319e+07  0.00000000e+00 
 1.65958691e+07 -1.50768911e+01  1.65958691e+07  1.65958691e+07  0.00000000e+00 
 1.73780083e+07 -1.54773617e+01  1.73780083e+07  1.73780083e+07  0.00000000e+00 
 1.81970086e+07 -1.58778776e+01  1.81970086e+07  1.81970086e+07  0.00000000e+00 
 1.90546072e+07 -1.62784433e+01  1.90546072e+07  1.90546072e+07  0.00000000e+00 
 1.99526231e+07 -1.66790634e+01  1.99526231e+07  1.99526231e+07  0.00000000e+00 
 2.08929613e+07 -1.70797433e+01  2.08929613e+07  2.08929613e+07  0.00000000e+00 
 2.18776162e+07 -1.74804886e+01  2.18776162e+07  2.18776162e+07  0.00000000e+00 
 2.29086765e+07 -1.78813056e+01  2.29086765e+07  2.29086765e+07  0.00000000e+00 
 2.39883292e+07 -1.82822012e+01  2.39883292e+07  2.39883292e+07  0.00000000e+00 
 2.51188643e+07 -1.86831828e+01  2.51188643e+07  2.51188643e+07  0.00000000e+00 
 2.63026799e+07 -1.90842588e+01  2.63026799e+07  2.63026799e+07  0.00000000e+00 
 2.75422870e+07 -1.94854380e+01  2.75422870e+07  2.75422870e+07  0.00000000e+00 
 2.88403150e+07 -1.98867305e+01  2.88403150e+07  2.88403150e+07  0.00000000e+00 
 3.01995172e+07 -2.02881469e+01  3.01995172e+07  3.01995172e+07  0.00000000e+00 
 3.16227766e+07 -2.06896990e+01  3.16227766e+07  3.16227766e+07  0.00000000e+00 
 3.31131121e+07 -2.10913999e+01  3.31131121e+07  3.31131121e+07  0.00000000e+00 
 3.46736850e+07 -2.14932636e+01  3.46736850e+07  3.46736850e+07  0.00000000e+00 
 3.63078055e+07 -2.18953055e+01  3.63078055e+07  3.63078055e+07  0.00000000e+00 
 3.80189396e+07 -2.22975425e+01  3.80189396e+07  3.80189396e+07  0.00000000e+00 
 3.98107171e+07 -2.26999932e+01  3.98107171e+07  3.98107171e+07  0.00000000e+00 
 4.16869383e+07 -2.31026775e+01  4.16869383e+07  4.16869383e+07  0.00000000e+00 
 4.36515832e+07 -2.35056175e+01  4.36515832e+07  4.36515832e+07  0.00000000e+00 
 4.57088190e+07 -2.39088373e+01  4.57088190e+07  4.57088190e+07  0.00000000e+00 
 4.78630092e+07 -2.43123629e+01  4.78630092e+07  4.78630092e+07  0.00000000e+00 
 5.01187234e+07 -2.47162230e+01  5.01187234e+07  5.01187234e+07  0.00000000e+00 
 5.24807460e+07 -2.51204486e+01  5.24807460e+07  5.24807460e+07  0.00000000e+00 
 5.49540874e+07 -2.55250736e+01  5.49540874e+07  5.49540874e+07  0.00000000e+00 
 5.75439937e+07 -2.59301349e+01  5.75439937e+07  5.75439937e+07  0.00000000e+00 
 6.02559586e+07 -2.63356726e+01  6.02559586e+07  6.02559586e+07  0.00000000e+00 
 6.30957344e+07 -2.67417301e+01  6.30957344e+07  6.30957344e+07  0.00000000e+00 
 6.60693448e+07 -2.71483547e+01  6.60693448e+07  6.60693448e+07  0.00000000e+00 
 6.91830971e+07 -2.75555977e+01  6.91830971e+07  6.91830971e+07  0.00000000e+00 
 7.24435960e+07 -2.79635144e+01  7.24435960e+07  7.24435960e+07  0.00000000e+00 
 7.58577575e+07 -2.83721648e+01  7.58577575e+07  7.58577575e+07  0.00000000e+00 
 7.94328235e+07 -2.87816136e+01  7.94328235e+07  7.94328235e+07  0.00000000e+00 
 8.31763771e+07 -2.91919305e+01  8.31763771e+07  8.31763771e+07  0.00000000e+00 
 8.70963590e+07 -2.96031905e+01  8.70963590e+07  8.70963590e+07  0.00000000e+00 
 9.12010839e+07 -3.00154741e+01  9.12010839e+07  9.12010839e+07  0.00000000e+00 
 9.54992586e+07 -3.04288674e+01  9.54992586e+07  9.54992586e+07  0.00000000e+00 
 1.00000000e+08 -3.08434623e+01  1.00000000e+08  1.00000000e+08  0.00000000e+00 
 1.04712855e+08 -3.12593569e+01  1.04712855e+08  1.04712855e+08  0.00000000e+00 
 1.09647820e+08 -3.16766548e+01  1.09647820e+08  1.09647820e+08  0.00000000e+00 
 1.14815362e+08 -3.20954656e+01  1.14815362e+08  1.14815362e+08  0.00000000e+00 
 1.20226443e+08 -3.25159047e+01  1.20226443e+08  1.20226443e+08  0.00000000e+00 
 1.25892541e+08 -3.29380926e+01  1.25892541e+08  1.25892541e+08  0.00000000e+00 
 1.31825674e+08 -3.33621545e+01  1.31825674e+08  1.31825674e+08  0.00000000e+00 
 1.38038426e+08 -3.37882198e+01  1.38038426e+08  1.38038426e+08  0.00000000e+00 
 1.44543977e+08 -3.42164210e+01  1.44543977e+08  1.44543977e+08  0.00000000e+00 
 1.51356125e+08 -3.46468925e+01  1.51356125e+08  1.51356125e+08  0.00000000e+00 
 1.58489319e+08 -3.50797691e+01  1.58489319e+08  1.58489319e+08  0.00000000e+00 
 1.65958691e+08 -3.55151841e+01  1.65958691e+08  1.65958691e+08  0.00000000e+00 
 1.73780083e+08 -3.59532673e+01  1.73780083e+08  1.73780083e+08  0.00000000e+00 
 1.81970086e+08 -3.63941422e+01  1.81970086e+08  1.81970086e+08  0.00000000e+00 
 1.90546072e+08 -3.68379234e+01  1.90546072e+08  1.90546072e+08  0.00000000e+00 
 1.99526231e+08 -3.72847132e+01  1.99526231e+08  1.99526231e+08  0.00000000e+00 
 2.08929613e+08 -3.77345975e+01  2.08929613e+08  2.08929613e+08  0.00000000e+00 
 2.18776162e+08 -3.81876428e+01  2.18776162e+08  2.18776162e+08  0.00000000e+00 
 2.29086765e+08 -3.86438909e+01  2.29086765e+08  2.29086765e+08  0.00000000e+00 
 2.39883292e+08 -3.91033553e+01  2.39883292e+08  2.39883292e+08  0.00000000e+00 
 2.51188643e+08 -3.95660162e+01  2.51188643e+08  2.51188643e+08  0.00000000e+00 
 2.63026799e+08 -4.00318163e+01  2.63026799e+08  2.63026799e+08  0.00000000e+00 
 2.75422870e+08 -4.05006566e+01  2.75422870e+08  2.75422870e+08  0.00000000e+00 
 2.88403150e+08 -4.09723918e+01  2.88403150e+08  2.88403150e+08  0.00000000e+00 
 3.01995172e+08 -4.14468276e+01  3.01995172e+08  3.01995172e+08  0.00000000e+00 
 3.16227766e+08 -4.19237173e+01  3.16227766e+08  3.16227766e+08  0.00000000e+00 
 3.31131121e+08 -4.24027597e+01  3.31131121e+08  3.31131121e+08  0.00000000e+00 
 3.46736850e+08 -4.28835979e+01  3.46736850e+08  3.46736850e+08  0.00000000e+00 
 3.63078055e+08 -4.33658193e+01  3.63078055e+08  3.63078055e+08  0.00000000e+00 
 3.80189396e+08 -4.38489562e+01  3.80189396e+08  3.80189396e+08  0.00000000e+00 
 3.98107171e+08 -4.43324879e+01  3.98107171e+08  3.98107171e+08  0.00000000e+00 
 4.16869383e+08 -4.48158435e+01  4.16869383e+08  4.16869383e+08  0.00000000e+00 
 4.36515832e+08 -4.52984066e+01  4.36515832e+08  4.36515832e+08  0.00000000e+00 
 4.57088190e+08 -4.57795199e+01  4.57088190e+08  4.57088190e+08  0.00000000e+00 
 4.78630092e+08 -4.62584916e+01  4.78630092e+08  4.78630092e+08  0.00000000e+00 
 5.01187234e+08 -4.67346021e+01  5.01187234e+08  5.01187234e+08  0.00000000e+00 
 5.24807460e+08 -4.72071108e+01  5.24807460e+08  5.24807460e+08  0.00000000e+00 
 5.49540874e+08 -4.76752645e+01  5.49540874e+08  5.49540874e+08  0.00000000e+00 
 5.75439937e+08 -4.81383049e+01  5.75439937e+08  5.75439937e+08  0.00000000e+00 
 6.02559586e+08 -4.85954764e+01  6.02559586e+08  6.02559586e+08  0.00000000e+00 
 6.30957344e+08 -4.90460336e+01  6.30957344e+08  6.30957344e+08  0.00000000e+00 
 6.60693448e+08 -4.94892492e+01  6.60693448e+08  6.60693448e+08  0.00000000e+00 
 6.91830971e+08 -4.99244203e+01  6.91830971e+08  6.91830971e+08  0.00000000e+00 
 7.24435960e+08 -5.03508750e+01  7.24435960e+08  7.24435960e+08  0.00000000e+00 
 7.58577575e+08 -5.07679778e+01  7.58577575e+08  7.58577575e+08  0.00000000e+00 
 7.94328235e+08 -5.11751351e+01  7.94328235e+08  7.94328235e+08  0.00000000e+00 
 8.31763771e+08 -5.15717990e+01  8.31763771e+08  8.31763771e+08  0.00000000e+00 
 8.70963590e+08 -5.19574708e+01  8.70963590e+08  8.70963590e+08  0.00000000e+00 
 9.12010839e+08 -5.23317047e+01  9.12010839e+08  9.12010839e+08  0.00000000e+00 
 9.54992586e+08 -5.26941091e+01  9.54992586e+08  9.54992586e+08  0.00000000e+00 
 1.00000000e+09 -5.30443490e+01  1.00000000e+09  1.00000000e+09  0.00000000e+00 
