 1.00000000e+00 -1.15522865e-03 
 1.02305973e+00 -1.15522965e-03 
 1.04665121e+00 -1.15523071e-03 
 1.07078670e+00 -1.15523181e-03 
 1.09547876e+00 -1.15523296e-03 
 1.12074020e+00 -1.15523416e-03 
 1.14658417e+00 -1.15523542e-03 
 1.17302409e+00 -1.15523674e-03 
 1.20007371e+00 -1.15523812e-03 
 1.22774708e+00 -1.15523957e-03 
 1.25605860e+00 -1.15524108e-03 
 1.28502297e+00 -1.15524267e-03 
 1.31465525e+00 -1.15524433e-03 
 1.34497085e+00 -1.15524606e-03 
 1.37598551e+00 -1.15524788e-03 
 1.40771537e+00 -1.15524978e-03 
 1.44017690e+00 -1.15525177e-03 
 1.47338699e+00 -1.15525385e-03 
 1.50736290e+00 -1.15525603e-03 
 1.54212228e+00 -1.15525831e-03 
 1.57768320e+00 -1.15526070e-03 
 1.61406415e+00 -1.15526320e-03 
 1.65128404e+00 -1.15526581e-03 
 1.68936220e+00 -1.15526855e-03 
 1.72831844e+00 -1.15527142e-03 
 1.76817299e+00 -1.15527442e-03 
 1.80894658e+00 -1.15527755e-03 
 1.85066040e+00 -1.15528084e-03 
 1.89333613e+00 -1.15528428e-03 
 1.93699595e+00 -1.15528788e-03 
 1.98166255e+00 -1.15529165e-03 
 2.02735916e+00 -1.15529559e-03 
 2.07410951e+00 -1.15529971e-03 
 2.12193792e+00 -1.15530403e-03 
 2.17086923e+00 -1.15530855e-03 
 2.22092889e+00 -1.15531329e-03 
 2.27214291e+00 -1.15531824e-03 
 2.32453791e+00 -1.15532342e-03 
 2.37814113e+00 -1.15532885e-03 
 2.43298042e+00 -1.15533453e-03 
 2.48908429e+00 -1.15534047e-03 
 2.54648190e+00 -1.15534669e-03 
 2.60520309e+00 -1.15535320e-03 
 2.66527837e+00 -1.15536001e-03 
 2.72673897e+00 -1.15536715e-03 
 2.78961683e+00 -1.15537461e-03 
 2.85394464e+00 -1.15538242e-03 
 2.91975583e+00 -1.15539060e-03 
 2.98708461e+00 -1.15539916e-03 
 3.05596598e+00 -1.15540812e-03 
 3.12643573e+00 -1.15541750e-03 
 3.19853049e+00 -1.15542731e-03 
 3.27228774e+00 -1.15543758e-03 
 3.34774581e+00 -1.15544833e-03 
 3.42494392e+00 -1.15545959e-03 
 3.50392221e+00 -1.15547136e-03 
 3.58472171e+00 -1.15548369e-03 
 3.66738442e+00 -1.15549659e-03 
 3.75195331e+00 -1.15551009e-03 
 3.83847234e+00 -1.15552423e-03 
 3.92698648e+00 -1.15553902e-03 
 4.01754173e+00 -1.15555451e-03 
 4.11018515e+00 -1.15557071e-03 
 4.20496491e+00 -1.15558767e-03 
 4.30193027e+00 -1.15560542e-03 
 4.40113162e+00 -1.15562401e-03 
 4.50262052e+00 -1.15564345e-03 
 4.60644974e+00 -1.15566381e-03 
 4.71267322e+00 -1.15568511e-03 
 4.82134619e+00 -1.15570741e-03 
 4.93252513e+00 -1.15573075e-03 
 5.04626783e+00 -1.15575518e-03 
 5.16263340e+00 -1.15578075e-03 
 5.28168234e+00 -1.15580751e-03 
 5.40347650e+00 -1.15583551e-03 
 5.52807921e+00 -1.15586483e-03 
 5.65555523e+00 -1.15589551e-03 
 5.78597080e+00 -1.15592763e-03 
 5.91939372e+00 -1.15596124e-03 
 6.05589334e+00 -1.15599642e-03 
 6.19554061e+00 -1.15603324e-03 
 6.33840810e+00 -1.15607178e-03 
 6.48457008e+00 -1.15611211e-03 
 6.63410251e+00 -1.15615433e-03 
 6.78708313e+00 -1.15619852e-03 
 6.94359143e+00 -1.15624477e-03 
 7.10370877e+00 -1.15629318e-03 
 7.26751838e+00 -1.15634384e-03 
 7.43510539e+00 -1.15639687e-03 
 7.60655691e+00 -1.15645238e-03 
 7.78196206e+00 -1.15651047e-03 
 7.96141200e+00 -1.15657127e-03 
 8.14500001e+00 -1.15663491e-03 
 8.33282151e+00 -1.15670152e-03 
 8.52497412e+00 -1.15677123e-03 
 8.72155772e+00 -1.15684420e-03 
 8.92267449e+00 -1.15692057e-03 
 9.12842895e+00 -1.15700050e-03 
 9.33892805e+00 -1.15708417e-03 
 9.55428121e+00 -1.15717173e-03 
 9.77460036e+00 -1.15726338e-03 
 1.00000000e+01 -1.15735931e-03 
 1.02305973e+01 -1.15745971e-03 
 1.04665121e+01 -1.15756480e-03 
 1.07078670e+01 -1.15767479e-03 
 1.09547876e+01 -1.15778991e-03 
 1.12074020e+01 -1.15791040e-03 
 1.14658417e+01 -1.15803651e-03 
 1.17302409e+01 -1.15816850e-03 
 1.20007371e+01 -1.15830665e-03 
 1.22774708e+01 -1.15845125e-03 
 1.25605860e+01 -1.15860259e-03 
 1.28502297e+01 -1.15876099e-03 
 1.31465525e+01 -1.15892679e-03 
 1.34497085e+01 -1.15910031e-03 
 1.37598551e+01 -1.15928193e-03 
 1.40771537e+01 -1.15947203e-03 
 1.44017690e+01 -1.15967099e-03 
 1.47338699e+01 -1.15987923e-03 
 1.50736290e+01 -1.16009719e-03 
 1.54212228e+01 -1.16032532e-03 
 1.57768320e+01 -1.16056409e-03 
 1.61406415e+01 -1.16081400e-03 
 1.65128404e+01 -1.16107557e-03 
 1.68936220e+01 -1.16134934e-03 
 1.72831844e+01 -1.16163588e-03 
 1.76817299e+01 -1.16193579e-03 
 1.80894658e+01 -1.16224969e-03 
 1.85066040e+01 -1.16257823e-03 
 1.89333613e+01 -1.16292210e-03 
 1.93699595e+01 -1.16328201e-03 
 1.98166255e+01 -1.16365872e-03 
 2.02735916e+01 -1.16405299e-03 
 2.07410951e+01 -1.16446566e-03 
 2.12193792e+01 -1.16489758e-03 
 2.17086923e+01 -1.16534965e-03 
 2.22092889e+01 -1.16582281e-03 
 2.27214291e+01 -1.16631805e-03 
 2.32453791e+01 -1.16683638e-03 
 2.37814113e+01 -1.16737890e-03 
 2.43298042e+01 -1.16794673e-03 
 2.48908429e+01 -1.16854105e-03 
 2.54648190e+01 -1.16916309e-03 
 2.60520309e+01 -1.16981415e-03 
 2.66527837e+01 -1.17049558e-03 
 2.72673897e+01 -1.17120881e-03 
 2.78961683e+01 -1.17195530e-03 
 2.85394464e+01 -1.17273663e-03 
 2.91975583e+01 -1.17355440e-03 
 2.98708461e+01 -1.17441032e-03 
 3.05596598e+01 -1.17530617e-03 
 3.12643573e+01 -1.17624381e-03 
 3.19853049e+01 -1.17722519e-03 
 3.27228774e+01 -1.17825236e-03 
 3.34774581e+01 -1.17932744e-03 
 3.42494392e+01 -1.18045268e-03 
 3.50392221e+01 -1.18163041e-03 
 3.58472171e+01 -1.18286309e-03 
 3.66738442e+01 -1.18415327e-03 
 3.75195331e+01 -1.18550364e-03 
 3.83847234e+01 -1.18691700e-03 
 3.92698648e+01 -1.18839630e-03 
 4.01754173e+01 -1.18994461e-03 
 4.11018515e+01 -1.19156515e-03 
 4.20496491e+01 -1.19326128e-03 
 4.30193027e+01 -1.19503655e-03 
 4.40113162e+01 -1.19689463e-03 
 4.50262052e+01 -1.19883939e-03 
 4.60644974e+01 -1.20087488e-03 
 4.71267322e+01 -1.20300532e-03 
 4.82134619e+01 -1.20523515e-03 
 4.93252513e+01 -1.20756901e-03 
 5.04626783e+01 -1.21001174e-03 
 5.16263340e+01 -1.21256842e-03 
 5.28168234e+01 -1.21524438e-03 
 5.40347650e+01 -1.21804517e-03 
 5.52807921e+01 -1.22097662e-03 
 5.65555523e+01 -1.22404482e-03 
 5.78597080e+01 -1.22725615e-03 
 5.91939372e+01 -1.23061730e-03 
 6.05589334e+01 -1.23413524e-03 
 6.19554061e+01 -1.23781730e-03 
 6.33840810e+01 -1.24167112e-03 
 6.48457008e+01 -1.24570473e-03 
 6.63410251e+01 -1.24992651e-03 
 6.78708313e+01 -1.25434523e-03 
 6.94359143e+01 -1.25897009e-03 
 7.10370877e+01 -1.26381070e-03 
 7.26751838e+01 -1.26887712e-03 
 7.43510539e+01 -1.27417989e-03 
 7.60655691e+01 -1.27973003e-03 
 7.78196206e+01 -1.28553909e-03 
 7.96141200e+01 -1.29161914e-03 
 8.14500001e+01 -1.29798282e-03 
 8.33282151e+01 -1.30464336e-03 
 8.52497412e+01 -1.31161462e-03 
 8.72155772e+01 -1.31891108e-03 
 8.92267449e+01 -1.32654792e-03 
 9.12842895e+01 -1.33454101e-03 
 9.33892805e+01 -1.34290697e-03 
 9.55428121e+01 -1.35166319e-03 
 9.77460036e+01 -1.36082789e-03 
 1.00000000e+02 -1.37042011e-03 
 1.02305973e+02 -1.38045980e-03 
 1.04665121e+02 -1.39096782e-03 
 1.07078670e+02 -1.40196603e-03 
 1.09547876e+02 -1.41347729e-03 
 1.12074020e+02 -1.42552553e-03 
 1.14658417e+02 -1.43813580e-03 
 1.17302409e+02 -1.45133431e-03 
 1.20007371e+02 -1.46514851e-03 
 1.22774708e+02 -1.47960711e-03 
 1.25605860e+02 -1.49474017e-03 
 1.28502297e+02 -1.51057915e-03 
 1.31465525e+02 -1.52715698e-03 
 1.34497085e+02 -1.54450811e-03 
 1.37598551e+02 -1.56266862e-03 
 1.40771537e+02 -1.58167626e-03 
 1.44017690e+02 -1.60157054e-03 
 1.47338699e+02 -1.62239281e-03 
 1.50736290e+02 -1.64418636e-03 
 1.54212228e+02 -1.66699649e-03 
 1.57768320e+02 -1.69087061e-03 
 1.61406415e+02 -1.71585835e-03 
 1.65128404e+02 -1.74201164e-03 
 1.68936220e+02 -1.76938485e-03 
 1.72831844e+02 -1.79803486e-03 
 1.76817299e+02 -1.82802123e-03 
 1.80894658e+02 -1.85940628e-03 
 1.85066040e+02 -1.89225523e-03 
 1.89333613e+02 -1.92663637e-03 
 1.93699595e+02 -1.96262113e-03 
 1.98166255e+02 -2.00028430e-03 
 2.02735916e+02 -2.03970416e-03 
 2.07410951e+02 -2.08096262e-03 
 2.12193792e+02 -2.12414542e-03 
 2.17086923e+02 -2.16934228e-03 
 2.22092889e+02 -2.21664714e-03 
 2.27214291e+02 -2.26615826e-03 
 2.32453791e+02 -2.31797854e-03 
 2.37814113e+02 -2.37221563e-03 
 2.43298042e+02 -2.42898223e-03 
 2.48908429e+02 -2.48839626e-03 
 2.54648190e+02 -2.55058115e-03 
 2.60520309e+02 -2.61566610e-03 
 2.66527837e+02 -2.68378628e-03 
 2.72673897e+02 -2.75508322e-03 
 2.78961683e+02 -2.82970499e-03 
 2.85394464e+02 -2.90780658e-03 
 2.91975583e+02 -2.98955020e-03 
 2.98708461e+02 -3.07510561e-03 
 3.05596598e+02 -3.16465048e-03 
 3.12643573e+02 -3.25837074e-03 
 3.19853049e+02 -3.35646101e-03 
 3.27228774e+02 -3.45912493e-03 
 3.34774581e+02 -3.56657565e-03 
 3.42494392e+02 -3.67903622e-03 
 3.50392221e+02 -3.79674010e-03 
 3.58472171e+02 -3.91993160e-03 
 3.66738442e+02 -4.04886637e-03 
 3.75195331e+02 -4.18381202e-03 
 3.83847234e+02 -4.32504855e-03 
 3.92698648e+02 -4.47286901e-03 
 4.01754173e+02 -4.62758009e-03 
 4.11018515e+02 -4.78950272e-03 
 4.20496491e+02 -4.95897278e-03 
 4.30193027e+02 -5.13634173e-03 
 4.40113162e+02 -5.32197740e-03 
 4.50262052e+02 -5.51626470e-03 
 4.60644974e+02 -5.71960643e-03 
 4.71267322e+02 -5.93242410e-03 
 4.82134619e+02 -6.15515880e-03 
 4.93252513e+02 -6.38827211e-03 
 5.04626783e+02 -6.63224703e-03 
 5.16263340e+02 -6.88758900e-03 
 5.28168234e+02 -7.15482689e-03 
 5.40347650e+02 -7.43451415e-03 
 5.52807921e+02 -7.72722986e-03 
 5.65555523e+02 -8.03357998e-03 
 5.78597080e+02 -8.35419856e-03 
 5.91939372e+02 -8.68974903e-03 
 6.05589334e+02 -9.04092557e-03 
 6.19554061e+02 -9.40845450e-03 
 6.33840810e+02 -9.79309579e-03 
 6.48457008e+02 -1.01956446e-02 
 6.63410251e+02 -1.06169328e-02 
 6.78708313e+02 -1.10578308e-02 
 6.94359143e+02 -1.15192493e-02 
 7.10370877e+02 -1.20021411e-02 
 7.26751838e+02 -1.25075028e-02 
 7.43510539e+02 -1.30363773e-02 
 7.60655691e+02 -1.35898554e-02 
 7.78196206e+02 -1.41690784e-02 
 7.96141200e+02 -1.47752401e-02 
 8.14500001e+02 -1.54095894e-02 
 8.33282151e+02 -1.60734326e-02 
 8.52497412e+02 -1.67681362e-02 
 8.72155772e+02 -1.74951296e-02 
 8.92267449e+02 -1.82559077e-02 
 9.12842895e+02 -1.90520343e-02 
 9.33892805e+02 -1.98851449e-02 
 9.55428121e+02 -2.07569500e-02 
 9.77460036e+02 -2.16692384e-02 
 1.00000000e+03 -2.26238809e-02 
 1.02305973e+03 -2.36228339e-02 
 1.04665121e+03 -2.46681432e-02 
 1.07078670e+03 -2.57619480e-02 
 1.09547876e+03 -2.69064851e-02 
 1.12074020e+03 -2.81040932e-02 
 1.14658417e+03 -2.93572175e-02 
 1.17302409e+03 -3.06684144e-02 
 1.20007371e+03 -3.20403563e-02 
 1.22774708e+03 -3.34758368e-02 
 1.25605860e+03 -3.49777762e-02 
 1.28502297e+03 -3.65492266e-02 
 1.31465525e+03 -3.81933783e-02 
 1.34497085e+03 -3.99135651e-02 
 1.37598551e+03 -4.17132711e-02 
 1.40771537e+03 -4.35961370e-02 
 1.44017690e+03 -4.55659669e-02 
 1.47338699e+03 -4.76267352e-02 
 1.50736290e+03 -4.97825937e-02 
 1.54212228e+03 -5.20378800e-02 
 1.57768320e+03 -5.43971241e-02 
 1.61406415e+03 -5.68650578e-02 
 1.65128404e+03 -5.94466221e-02 
 1.68936220e+03 -6.21469768e-02 
 1.72831844e+03 -6.49715088e-02 
 1.76817299e+03 -6.79258422e-02 
 1.80894658e+03 -7.10158476e-02 
 1.85066040e+03 -7.42476520e-02 
 1.89333613e+03 -7.76276499e-02 
 1.93699595e+03 -8.11625132e-02 
 1.98166255e+03 -8.48592027e-02 
 2.02735916e+03 -8.87249796e-02 
 2.07410951e+03 -9.27674170e-02 
 2.12193792e+03 -9.69944122e-02 
 2.17086923e+03 -1.01414199e-01 
 2.22092889e+03 -1.06035361e-01 
 2.27214291e+03 -1.10866845e-01 
 2.32453791e+03 -1.15917972e-01 
 2.37814113e+03 -1.21198455e-01 
 2.43298042e+03 -1.26718409e-01 
 2.48908429e+03 -1.32488371e-01 
 2.54648190e+03 -1.38519308e-01 
 2.60520309e+03 -1.44822636e-01 
 2.66527837e+03 -1.51410238e-01 
 2.72673897e+03 -1.58294472e-01 
 2.78961683e+03 -1.65488193e-01 
 2.85394464e+03 -1.73004767e-01 
 2.91975583e+03 -1.80858088e-01 
 2.98708461e+03 -1.89062592e-01 
 3.05596598e+03 -1.97633275e-01 
 3.12643573e+03 -2.06585709e-01 
 3.19853049e+03 -2.15936059e-01 
 3.27228774e+03 -2.25701097e-01 
 3.34774581e+03 -2.35898220e-01 
 3.42494392e+03 -2.46545466e-01 
 3.50392221e+03 -2.57661528e-01 
 3.58472171e+03 -2.69265769e-01 
 3.66738442e+03 -2.81378240e-01 
 3.75195331e+03 -2.94019688e-01 
 3.83847234e+03 -3.07211577e-01 
 3.92698648e+03 -3.20976093e-01 
 4.01754173e+03 -3.35336160e-01 
 4.11018515e+03 -3.50315452e-01 
 4.20496491e+03 -3.65938399e-01 
 4.30193027e+03 -3.82230194e-01 
 4.40113162e+03 -3.99216805e-01 
 4.50262052e+03 -4.16924978e-01 
 4.60644974e+03 -4.35382235e-01 
 4.71267322e+03 -4.54616885e-01 
 4.82134619e+03 -4.74658013e-01 
 4.93252513e+03 -4.95535485e-01 
 5.04626783e+03 -5.17279937e-01 
 5.16263340e+03 -5.39922768e-01 
 5.28168234e+03 -5.63496131e-01 
 5.40347650e+03 -5.88032915e-01 
 5.52807921e+03 -6.13566728e-01 
 5.65555523e+03 -6.40131879e-01 
 5.78597080e+03 -6.67763350e-01 
 5.91939372e+03 -6.96496766e-01 
 6.05589334e+03 -7.26368368e-01 
 6.19554061e+03 -7.57414970e-01 
 6.33840810e+03 -7.89673921e-01 
 6.48457008e+03 -8.23183058e-01 
 6.63410251e+03 -8.57980659e-01 
 6.78708313e+03 -8.94105383e-01 
 6.94359143e+03 -9.31596216e-01 
 7.10370877e+03 -9.70492404e-01 
 7.26751838e+03 -1.01083338e+00 
 7.43510539e+03 -1.05265871e+00 
 7.60655691e+03 -1.09600798e+00 
 7.78196206e+03 -1.14092075e+00 
 7.96141200e+03 -1.18743645e+00 
 8.14500001e+03 -1.23559428e+00 
 8.33282151e+03 -1.28543314e+00 
 8.52497412e+03 -1.33699152e+00 
 8.72155772e+03 -1.39030738e+00 
 8.92267449e+03 -1.44541809e+00 
 9.12842895e+03 -1.50236028e+00 
 9.33892805e+03 -1.56116976e+00 
 9.55428121e+03 -1.62188140e+00 
 9.77460036e+03 -1.68452904e+00 
 1.00000000e+04 -1.74914533e+00 
 1.02305973e+04 -1.81576170e+00 
 1.04665121e+04 -1.88440818e+00 
 1.07078670e+04 -1.95511334e+00 
 1.09547876e+04 -2.02790415e+00 
 1.12074020e+04 -2.10280594e+00 
 1.14658417e+04 -2.17984224e+00 
 1.17302409e+04 -2.25903474e+00 
 1.20007371e+04 -2.34040318e+00 
 1.22774708e+04 -2.42396528e+00 
 1.25605860e+04 -2.50973668e+00 
 1.28502297e+04 -2.59773085e+00 
 1.31465525e+04 -2.68795907e+00 
 1.34497085e+04 -2.78043036e+00 
 1.37598551e+04 -2.87515145e+00 
 1.40771537e+04 -2.97212675e+00 
 1.44017690e+04 -3.07135835e+00 
 1.47338699e+04 -3.17284596e+00 
 1.50736290e+04 -3.27658698e+00 
 1.54212228e+04 -3.38257647e+00 
 1.57768320e+04 -3.49080716e+00 
 1.61406415e+04 -3.60126951e+00 
 1.65128404e+04 -3.71395173e+00 
 1.68936220e+04 -3.82883984e+00 
 1.72831844e+04 -3.94591772e+00 
 1.76817299e+04 -4.06516716e+00 
 1.80894658e+04 -4.18656796e+00 
 1.85066040e+04 -4.31009799e+00 
 1.89333613e+04 -4.43573327e+00 
 1.93699595e+04 -4.56344808e+00 
 1.98166255e+04 -4.69321503e+00 
 2.02735916e+04 -4.82500519e+00 
 2.07410951e+04 -4.95878816e+00 
 2.12193792e+04 -5.09453219e+00 
 2.17086923e+04 -5.23220431e+00 
 2.22092889e+04 -5.37177038e+00 
 2.27214291e+04 -5.51319527e+00 
 2.32453791e+04 -5.65644290e+00 
 2.37814113e+04 -5.80147641e+00 
 2.43298042e+04 -5.94825823e+00 
 2.48908429e+04 -6.09675018e+00 
 2.54648190e+04 -6.24691361e+00 
 2.60520309e+04 -6.39870945e+00 
 2.66527837e+04 -6.55209836e+00 
 2.72673897e+04 -6.70704077e+00 
 2.78961683e+04 -6.86349703e+00 
 2.85394464e+04 -7.02142744e+00 
 2.91975583e+04 -7.18079235e+00 
 2.98708461e+04 -7.34155224e+00 
 3.05596598e+04 -7.50366781e+00 
 3.12643573e+04 -7.66710001e+00 
 3.19853049e+04 -7.83181013e+00 
 3.27228774e+04 -7.99775985e+00 
 3.34774581e+04 -8.16491129e+00 
 3.42494392e+04 -8.33322707e+00 
 3.50392221e+04 -8.50267035e+00 
 3.58472171e+04 -8.67320485e+00 
 3.66738442e+04 -8.84479491e+00 
 3.75195331e+04 -9.01740553e+00 
 3.83847234e+04 -9.19100236e+00 
 3.92698648e+04 -9.36555176e+00 
 4.01754173e+04 -9.54102080e+00 
 4.11018515e+04 -9.71737727e+00 
 4.20496491e+04 -9.89458973e+00 
 4.30193027e+04 -1.00726275e+01 
 4.40113162e+04 -1.02514606e+01 
 4.50262052e+04 -1.04310599e+01 
 4.60644974e+04 -1.06113970e+01 
 4.71267322e+04 -1.07924442e+01 
 4.82134619e+04 -1.09741748e+01 
 4.93252513e+04 -1.11565626e+01 
 5.04626783e+04 -1.13395823e+01 
 5.16263340e+04 -1.15232093e+01 
 5.28168234e+04 -1.17074197e+01 
 5.40347650e+04 -1.18921905e+01 
 5.52807921e+04 -1.20774992e+01 
 5.65555523e+04 -1.22633242e+01 
 5.78597080e+04 -1.24496444e+01 
 5.91939372e+04 -1.26364396e+01 
 6.05589334e+04 -1.28236901e+01 
 6.19554061e+04 -1.30113768e+01 
 6.33840810e+04 -1.31994815e+01 
 6.48457008e+04 -1.33879863e+01 
 6.63410251e+04 -1.35768742e+01 
 6.78708313e+04 -1.37661284e+01 
 6.94359143e+04 -1.39557331e+01 
 7.10370877e+04 -1.41456726e+01 
 7.26751838e+04 -1.43359322e+01 
 7.43510539e+04 -1.45264973e+01 
 7.60655691e+04 -1.47173541e+01 
 7.78196206e+04 -1.49084890e+01 
 7.96141200e+04 -1.50998891e+01 
 8.14500001e+04 -1.52915419e+01 
 8.33282151e+04 -1.54834351e+01 
 8.52497412e+04 -1.56755571e+01 
 8.72155772e+04 -1.58678965e+01 
 8.92267449e+04 -1.60604425e+01 
 9.12842895e+04 -1.62531842e+01 
 9.33892805e+04 -1.64461117e+01 
 9.55428121e+04 -1.66392148e+01 
 9.77460036e+04 -1.68324840e+01 
 1.00000000e+05 -1.70259099e+01 
 1.02305973e+05 -1.72194835e+01 
 1.04665121e+05 -1.74131961e+01 
 1.07078670e+05 -1.76070391e+01 
 1.09547876e+05 -1.78010042e+01 
 1.12074020e+05 -1.79950834e+01 
 1.14658417e+05 -1.81892688e+01 
 1.17302409e+05 -1.83835527e+01 
 1.20007371e+05 -1.85779276e+01 
 1.22774708e+05 -1.87723863e+01 
 1.25605860e+05 -1.89669216e+01 
 1.28502297e+05 -1.91615265e+01 
 1.31465525e+05 -1.93561941e+01 
 1.34497085e+05 -1.95509175e+01 
 1.37598551e+05 -1.97456903e+01 
 1.40771537e+05 -1.99405057e+01 
 1.44017690e+05 -2.01353574e+01 
 1.47338699e+05 -2.03302388e+01 
 1.50736290e+05 -2.05251436e+01 
 1.54212228e+05 -2.07200656e+01 
 1.57768320e+05 -2.09149983e+01 
 1.61406415e+05 -2.11099356e+01 
 1.65128404e+05 -2.13048711e+01 
 1.68936220e+05 -2.14997987e+01 
 1.72831844e+05 -2.16947120e+01 
 1.76817299e+05 -2.18896047e+01 
 1.80894658e+05 -2.20844705e+01 
 1.85066040e+05 -2.22793030e+01 
 1.89333613e+05 -2.24740958e+01 
 1.93699595e+05 -2.26688422e+01 
 1.98166255e+05 -2.28635358e+01 
 2.02735916e+05 -2.30581697e+01 
 2.07410951e+05 -2.32527371e+01 
 2.12193792e+05 -2.34472311e+01 
 2.17086923e+05 -2.36416447e+01 
 2.22092889e+05 -2.38359705e+01 
 2.27214291e+05 -2.40302011e+01 
 2.32453791e+05 -2.42243290e+01 
 2.37814113e+05 -2.44183465e+01 
 2.43298042e+05 -2.46122455e+01 
 2.48908429e+05 -2.48060179e+01 
 2.54648190e+05 -2.49996552e+01 
 2.60520309e+05 -2.51931488e+01 
 2.66527837e+05 -2.53864898e+01 
 2.72673897e+05 -2.55796690e+01 
 2.78961683e+05 -2.57726769e+01 
 2.85394464e+05 -2.59655037e+01 
 2.91975583e+05 -2.61581394e+01 
 2.98708461e+05 -2.63505734e+01 
 3.05596598e+05 -2.65427951e+01 
 3.12643573e+05 -2.67347932e+01 
 3.19853049e+05 -2.69265562e+01 
 3.27228774e+05 -2.71180722e+01 
 3.34774581e+05 -2.73093289e+01 
 3.42494392e+05 -2.75003133e+01 
 3.50392221e+05 -2.76910124e+01 
 3.58472171e+05 -2.78814124e+01 
 3.66738442e+05 -2.80714991e+01 
 3.75195331e+05 -2.82612578e+01 
 3.83847234e+05 -2.84506734e+01 
 3.92698648e+05 -2.86397300e+01 
 4.01754173e+05 -2.88284114e+01 
 4.11018515e+05 -2.90167007e+01 
 4.20496491e+05 -2.92045804e+01 
 4.30193027e+05 -2.93920325e+01 
 4.40113162e+05 -2.95790383e+01 
 4.50262052e+05 -2.97655784e+01 
 4.60644974e+05 -2.99516330e+01 
 4.71267322e+05 -3.01371812e+01 
 4.82134619e+05 -3.03222019e+01 
 4.93252513e+05 -3.05066729e+01 
 5.04626783e+05 -3.06905716e+01 
 5.16263340e+05 -3.08738745e+01 
 5.28168234e+05 -3.10565573e+01 
 5.40347650e+05 -3.12385952e+01 
 5.52807921e+05 -3.14199626e+01 
 5.65555523e+05 -3.16006328e+01 
 5.78597080e+05 -3.17805788e+01 
 5.91939372e+05 -3.19597727e+01 
 6.05589334e+05 -3.21381856e+01 
 6.19554061e+05 -3.23157881e+01 
 6.33840810e+05 -3.24925500e+01 
 6.48457008e+05 -3.26684403e+01 
 6.63410251e+05 -3.28434273e+01 
 6.78708313e+05 -3.30174785e+01 
 6.94359143e+05 -3.31905607e+01 
 7.10370877e+05 -3.33626401e+01 
 7.26751838e+05 -3.35336822e+01 
 7.43510539e+05 -3.37036517e+01 
 7.60655691e+05 -3.38725130e+01 
 7.78196206e+05 -3.40402296e+01 
 7.96141200e+05 -3.42067647e+01 
 8.14500001e+05 -3.43720809e+01 
 8.33282151e+05 -3.45361402e+01 
 8.52497412e+05 -3.46989046e+01 
 8.72155772e+05 -3.48603353e+01 
 8.92267449e+05 -3.50203936e+01 
 9.12842895e+05 -3.51790404e+01 
 9.33892805e+05 -3.53362365e+01 
 9.55428121e+05 -3.54919427e+01 
 9.77460036e+05 -3.56461196e+01 
 1.00000000e+06 -3.57987283e+01 
 1.02305973e+06 -3.59497296e+01 
 1.04665121e+06 -3.60990850e+01 
 1.07078670e+06 -3.62467562e+01 
 1.09547876e+06 -3.63927054e+01 
 1.12074020e+06 -3.65368954e+01 
 1.14658417e+06 -3.66792897e+01 
 1.17302409e+06 -3.68198524e+01 
 1.20007371e+06 -3.69585490e+01 
 1.22774708e+06 -3.70953454e+01 
 1.25605860e+06 -3.72302091e+01 
 1.28502297e+06 -3.73631086e+01 
 1.31465525e+06 -3.74940139e+01 
 1.34497085e+06 -3.76228963e+01 
 1.37598551e+06 -3.77497287e+01 
 1.40771537e+06 -3.78744858e+01 
 1.44017690e+06 -3.79971439e+01 
 1.47338699e+06 -3.81176811e+01 
 1.50736290e+06 -3.82360778e+01 
 1.54212228e+06 -3.83523159e+01 
 1.57768320e+06 -3.84663798e+01 
 1.61406415e+06 -3.85782560e+01 
 1.65128404e+06 -3.86879332e+01 
 1.68936220e+06 -3.87954022e+01 
 1.72831844e+06 -3.89006564e+01 
 1.76817299e+06 -3.90036915e+01 
 1.80894658e+06 -3.91045054e+01 
 1.85066040e+06 -3.92030988e+01 
 1.89333613e+06 -3.92994744e+01 
 1.93699595e+06 -3.93936376e+01 
 1.98166255e+06 -3.94855961e+01 
 2.02735916e+06 -3.95753599e+01 
 2.07410951e+06 -3.96629415e+01 
 2.12193792e+06 -3.97483556e+01 
 2.17086923e+06 -3.98316192e+01 
 2.22092889e+06 -3.99127516e+01 
 2.27214291e+06 -3.99917741e+01 
 2.32453791e+06 -4.00687102e+01 
 2.37814113e+06 -4.01435853e+01 
 2.43298042e+06 -4.02164267e+01 
 2.48908429e+06 -4.02872636e+01 
 2.54648190e+06 -4.03561270e+01 
 2.60520309e+06 -4.04230494e+01 
 2.66527837e+06 -4.04880648e+01 
 2.72673897e+06 -4.05512089e+01 
 2.78961683e+06 -4.06125185e+01 
 2.85394464e+06 -4.06720316e+01 
 2.91975583e+06 -4.07297876e+01 
 2.98708461e+06 -4.07858267e+01 
 3.05596598e+06 -4.08401901e+01 
 3.12643573e+06 -4.08929198e+01 
 3.19853049e+06 -4.09440586e+01 
 3.27228774e+06 -4.09936497e+01 
 3.34774581e+06 -4.10417372e+01 
 3.42494392e+06 -4.10883655e+01 
 3.50392221e+06 -4.11335792e+01 
 3.58472171e+06 -4.11774235e+01 
 3.66738442e+06 -4.12199435e+01 
 3.75195331e+06 -4.12611847e+01 
 3.83847234e+06 -4.13011924e+01 
 3.92698648e+06 -4.13400123e+01 
 4.01754173e+06 -4.13776897e+01 
 4.11018515e+06 -4.14142699e+01 
 4.20496491e+06 -4.14497981e+01 
 4.30193027e+06 -4.14843194e+01 
 4.40113162e+06 -4.15178784e+01 
 4.50262052e+06 -4.15505198e+01 
 4.60644974e+06 -4.15822876e+01 
 4.71267322e+06 -4.16132257e+01 
 4.82134619e+06 -4.16433778e+01 
 4.93252513e+06 -4.16727870e+01 
 5.04626783e+06 -4.17014961e+01 
 5.16263340e+06 -4.17295475e+01 
 5.28168234e+06 -4.17569833e+01 
 5.40347650e+06 -4.17838450e+01 
 5.52807921e+06 -4.18101740e+01 
 5.65555523e+06 -4.18360109e+01 
 5.78597080e+06 -4.18613964e+01 
 5.91939372e+06 -4.18863702e+01 
 6.05589334e+06 -4.19109722e+01 
 6.19554061e+06 -4.19352414e+01 
 6.33840810e+06 -4.19592168e+01 
 6.48457008e+06 -4.19829368e+01 
 6.63410251e+06 -4.20064395e+01 
 6.78708313e+06 -4.20297626e+01 
 6.94359143e+06 -4.20529435e+01 
 7.10370877e+06 -4.20760193e+01 
 7.26751838e+06 -4.20990266e+01 
 7.43510539e+06 -4.21220018e+01 
 7.60655691e+06 -4.21449809e+01 
 7.78196206e+06 -4.21679995e+01 
 7.96141200e+06 -4.21910930e+01 
 8.14500001e+06 -4.22142964e+01 
 8.33282151e+06 -4.22376444e+01 
 8.52497412e+06 -4.22611713e+01 
 8.72155772e+06 -4.22849111e+01 
 8.92267449e+06 -4.23088974e+01 
 9.12842895e+06 -4.23331634e+01 
 9.33892805e+06 -4.23577419e+01 
 9.55428121e+06 -4.23826654e+01 
 9.77460036e+06 -4.24079657e+01 
 1.00000000e+07 -4.24336744e+01 
 1.02305973e+07 -4.24598223e+01 
 1.04665121e+07 -4.24864399e+01 
 1.07078670e+07 -4.25135570e+01 
 1.09547876e+07 -4.25412027e+01 
 1.12074020e+07 -4.25694054e+01 
 1.14658417e+07 -4.25981930e+01 
 1.17302409e+07 -4.26275921e+01 
 1.20007371e+07 -4.26576289e+01 
 1.22774708e+07 -4.26883285e+01 
 1.25605860e+07 -4.27197148e+01 
 1.28502297e+07 -4.27518108e+01 
 1.31465525e+07 -4.27846383e+01 
 1.34497085e+07 -4.28182178e+01 
 1.37598551e+07 -4.28525686e+01 
 1.40771537e+07 -4.28877083e+01 
 1.44017690e+07 -4.29236532e+01 
 1.47338699e+07 -4.29604180e+01 
 1.50736290e+07 -4.29980156e+01 
 1.54212228e+07 -4.30364572e+01 
 1.57768320e+07 -4.30757520e+01 
 1.61406415e+07 -4.31159074e+01 
 1.65128404e+07 -4.31569287e+01 
 1.68936220e+07 -4.31988190e+01 
 1.72831844e+07 -4.32415793e+01 
 1.76817299e+07 -4.32852082e+01 
 1.80894658e+07 -4.33297022e+01 
 1.85066040e+07 -4.33750551e+01 
 1.89333613e+07 -4.34212585e+01 
 1.93699595e+07 -4.34683013e+01 
 1.98166255e+07 -4.35161700e+01 
 2.02735916e+07 -4.35648486e+01 
 2.07410951e+07 -4.36143184e+01 
 2.12193792e+07 -4.36645582e+01 
 2.17086923e+07 -4.37155443e+01 
 2.22092889e+07 -4.37672503e+01 
 2.27214291e+07 -4.38196476e+01 
 2.32453791e+07 -4.38727050e+01 
 2.37814113e+07 -4.39263888e+01 
 2.43298042e+07 -4.39806632e+01 
 2.48908429e+07 -4.40354902e+01 
 2.54648190e+07 -4.40908296e+01 
 2.60520309e+07 -4.41466393e+01 
 2.66527837e+07 -4.42028753e+01 
 2.72673897e+07 -4.42594918e+01 
 2.78961683e+07 -4.43164418e+01 
 2.85394464e+07 -4.43736764e+01 
 2.91975583e+07 -4.44311459e+01 
 2.98708461e+07 -4.44887994e+01 
 3.05596598e+07 -4.45465851e+01 
 3.12643573e+07 -4.46044506e+01 
 3.19853049e+07 -4.46623430e+01 
 3.27228774e+07 -4.47202093e+01 
 3.34774581e+07 -4.47779962e+01 
 3.42494392e+07 -4.48356506e+01 
 3.50392221e+07 -4.48931198e+01 
 3.58472171e+07 -4.49503516e+01 
 3.66738442e+07 -4.50072946e+01 
 3.75195331e+07 -4.50638981e+01 
 3.83847234e+07 -4.51201127e+01 
 3.92698648e+07 -4.51758902e+01 
 4.01754173e+07 -4.52311838e+01 
 4.11018515e+07 -4.52859482e+01 
 4.20496491e+07 -4.53401400e+01 
 4.30193027e+07 -4.53937175e+01 
 4.40113162e+07 -4.54466409e+01 
 4.50262052e+07 -4.54988727e+01 
 4.60644974e+07 -4.55503774e+01 
 4.71267322e+07 -4.56011216e+01 
 4.82134619e+07 -4.56510744e+01 
 4.93252513e+07 -4.57002072e+01 
 5.04626783e+07 -4.57484938e+01 
 5.16263340e+07 -4.57959101e+01 
 5.28168234e+07 -4.58424349e+01 
 5.40347650e+07 -4.58880489e+01 
 5.52807921e+07 -4.59327356e+01 
 5.65555523e+07 -4.59764805e+01 
 5.78597080e+07 -4.60192718e+01 
 5.91939372e+07 -4.60610995e+01 
 6.05589334e+07 -4.61019562e+01 
 6.19554061e+07 -4.61418365e+01 
 6.33840810e+07 -4.61807371e+01 
 6.48457008e+07 -4.62186565e+01 
 6.63410251e+07 -4.62555956e+01 
 6.78708313e+07 -4.62915565e+01 
 6.94359143e+07 -4.63265435e+01 
 7.10370877e+07 -4.63605623e+01 
 7.26751838e+07 -4.63936203e+01 
 7.43510539e+07 -4.64257261e+01 
 7.60655691e+07 -4.64568899e+01 
 7.78196206e+07 -4.64871229e+01 
 7.96141200e+07 -4.65164376e+01 
 8.14500001e+07 -4.65448474e+01 
 8.33282151e+07 -4.65723669e+01 
 8.52497412e+07 -4.65990112e+01 
 8.72155772e+07 -4.66247965e+01 
 8.92267449e+07 -4.66497394e+01 
 9.12842895e+07 -4.66738571e+01 
 9.33892805e+07 -4.66971676e+01 
 9.55428121e+07 -4.67196890e+01 
 9.77460036e+07 -4.67414398e+01 
 1.00000000e+08 -4.67624389e+01 
 1.02305973e+08 -4.67827055e+01 
 1.04665121e+08 -4.68022586e+01 
 1.07078670e+08 -4.68211176e+01 
 1.09547876e+08 -4.68393019e+01 
 1.12074020e+08 -4.68568308e+01 
 1.14658417e+08 -4.68737235e+01 
 1.17302409e+08 -4.68899992e+01 
 1.20007371e+08 -4.69056771e+01 
 1.22774708e+08 -4.69207759e+01 
 1.25605860e+08 -4.69353144e+01 
 1.28502297e+08 -4.69493109e+01 
 1.31465525e+08 -4.69627838e+01 
 1.34497085e+08 -4.69757507e+01 
 1.37598551e+08 -4.69882295e+01 
 1.40771537e+08 -4.70002373e+01 
 1.44017690e+08 -4.70117912e+01 
 1.47338699e+08 -4.70229076e+01 
 1.50736290e+08 -4.70336030e+01 
 1.54212228e+08 -4.70438932e+01 
 1.57768320e+08 -4.70537938e+01 
 1.61406415e+08 -4.70633199e+01 
 1.65128404e+08 -4.70724863e+01 
 1.68936220e+08 -4.70813074e+01 
 1.72831844e+08 -4.70897974e+01 
 1.76817299e+08 -4.70979698e+01 
 1.80894658e+08 -4.71058381e+01 
 1.85066040e+08 -4.71134150e+01 
 1.89333613e+08 -4.71207133e+01 
 1.93699595e+08 -4.71277450e+01 
 1.98166255e+08 -4.71345221e+01 
 2.02735916e+08 -4.71410561e+01 
 2.07410951e+08 -4.71473581e+01 
 2.12193792e+08 -4.71534390e+01 
 2.17086923e+08 -4.71593093e+01 
 2.22092889e+08 -4.71649791e+01 
 2.27214291e+08 -4.71704584e+01 
 2.32453791e+08 -4.71757566e+01 
 2.37814113e+08 -4.71808830e+01 
 2.43298042e+08 -4.71858465e+01 
 2.48908429e+08 -4.71906559e+01 
 2.54648190e+08 -4.71953195e+01 
 2.60520309e+08 -4.71998454e+01 
 2.66527837e+08 -4.72042415e+01 
 2.72673897e+08 -4.72085153e+01 
 2.78961683e+08 -4.72126743e+01 
 2.85394464e+08 -4.72167253e+01 
 2.91975583e+08 -4.72206754e+01 
 2.98708461e+08 -4.72245310e+01 
 3.05596598e+08 -4.72282986e+01 
 3.12643573e+08 -4.72319843e+01 
 3.19853049e+08 -4.72355939e+01 
 3.27228774e+08 -4.72391332e+01 
 3.34774581e+08 -4.72426076e+01 
 3.42494392e+08 -4.72460223e+01 
 3.50392221e+08 -4.72493825e+01 
 3.58472171e+08 -4.72526929e+01 
 3.66738442e+08 -4.72559581e+01 
 3.75195331e+08 -4.72591826e+01 
 3.83847234e+08 -4.72623704e+01 
 3.92698648e+08 -4.72655258e+01 
 4.01754173e+08 -4.72686523e+01 
 4.11018515e+08 -4.72717536e+01 
 4.20496491e+08 -4.72748330e+01 
 4.30193027e+08 -4.72778938e+01 
 4.40113162e+08 -4.72809388e+01 
 4.50262052e+08 -4.72839709e+01 
 4.60644974e+08 -4.72869926e+01 
 4.71267322e+08 -4.72900061e+01 
 4.82134619e+08 -4.72930137e+01 
 4.93252513e+08 -4.72960173e+01 
 5.04626783e+08 -4.72990185e+01 
 5.16263340e+08 -4.73020190e+01 
 5.28168234e+08 -4.73050198e+01 
 5.40347650e+08 -4.73080223e+01 
 5.52807921e+08 -4.73110272e+01 
 5.65555523e+08 -4.73140352e+01 
 5.78597080e+08 -4.73170469e+01 
 5.91939372e+08 -4.73200624e+01 
 6.05589334e+08 -4.73230819e+01 
 6.19554061e+08 -4.73261053e+01 
 6.33840810e+08 -4.73291322e+01 
 6.48457008e+08 -4.73321623e+01 
 6.63410251e+08 -4.73351949e+01 
 6.78708313e+08 -4.73382292e+01 
 6.94359143e+08 -4.73412641e+01 
 7.10370877e+08 -4.73442987e+01 
 7.26751838e+08 -4.73473316e+01 
 7.43510539e+08 -4.73503614e+01 
 7.60655691e+08 -4.73533867e+01 
 7.78196206e+08 -4.73564059e+01 
 7.96141200e+08 -4.73594172e+01 
 8.14500001e+08 -4.73624188e+01 
 8.33282151e+08 -4.73654089e+01 
 8.52497412e+08 -4.73683855e+01 
 8.72155772e+08 -4.73713467e+01 
 8.92267449e+08 -4.73742905e+01 
 9.12842895e+08 -4.73772147e+01 
 9.33892805e+08 -4.73801175e+01 
 9.55428121e+08 -4.73829967e+01 
 9.77460036e+08 -4.73858503e+01 
 1.00000000e+09 -4.73886763e+01 
