 0.00000000e+00  3.29999999e+00 
 1.00000000e-02  3.29999998e+00 
 2.00000000e-02  3.29999998e+00 
 3.00000000e-02  3.29999998e+00 
 4.00000000e-02  3.29999998e+00 
 5.00000000e-02  3.29999998e+00 
 6.00000000e-02  3.29999998e+00 
 7.00000000e-02  3.29999998e+00 
 8.00000000e-02  3.29999998e+00 
 9.00000000e-02  3.29999998e+00 
 1.00000000e-01  3.29999998e+00 
 1.10000000e-01  3.29999998e+00 
 1.20000000e-01  3.29999998e+00 
 1.30000000e-01  3.29999998e+00 
 1.40000000e-01  3.29999998e+00 
 1.50000000e-01  3.29999998e+00 
 1.60000000e-01  3.29999998e+00 
 1.70000000e-01  3.29999998e+00 
 1.80000000e-01  3.29999998e+00 
 1.90000000e-01  3.29999998e+00 
 2.00000000e-01  3.29999998e+00 
 2.10000000e-01  3.29999998e+00 
 2.20000000e-01  3.29999998e+00 
 2.30000000e-01  3.29999998e+00 
 2.40000000e-01  3.29999998e+00 
 2.50000000e-01  3.29999998e+00 
 2.60000000e-01  3.29999998e+00 
 2.70000000e-01  3.29999998e+00 
 2.80000000e-01  3.29999998e+00 
 2.90000000e-01  3.29999998e+00 
 3.00000000e-01  3.29999998e+00 
 3.10000000e-01  3.29999998e+00 
 3.20000000e-01  3.29999998e+00 
 3.30000000e-01  3.29999998e+00 
 3.40000000e-01  3.29999998e+00 
 3.50000000e-01  3.29999998e+00 
 3.60000000e-01  3.29999998e+00 
 3.70000000e-01  3.29999998e+00 
 3.80000000e-01  3.29999998e+00 
 3.90000000e-01  3.29999998e+00 
 4.00000000e-01  3.29999998e+00 
 4.10000000e-01  3.29999998e+00 
 4.20000000e-01  3.29999998e+00 
 4.30000000e-01  3.29999998e+00 
 4.40000000e-01  3.29999998e+00 
 4.50000000e-01  3.29999998e+00 
 4.60000000e-01  3.29999998e+00 
 4.70000000e-01  3.29999998e+00 
 4.80000000e-01  3.29999998e+00 
 4.90000000e-01  3.29999998e+00 
 5.00000000e-01  3.29999998e+00 
 5.10000000e-01  3.29999998e+00 
 5.20000000e-01  3.29999998e+00 
 5.30000000e-01  3.29999998e+00 
 5.40000000e-01  3.29999998e+00 
 5.50000000e-01  3.29999998e+00 
 5.60000000e-01  3.29999998e+00 
 5.70000000e-01  3.29999998e+00 
 5.80000000e-01  3.29999998e+00 
 5.90000000e-01  3.29999998e+00 
 6.00000000e-01  3.29999998e+00 
 6.10000000e-01  3.29999998e+00 
 6.20000000e-01  3.29999997e+00 
 6.30000000e-01  3.29999997e+00 
 6.40000000e-01  3.29999997e+00 
 6.50000000e-01  3.29999996e+00 
 6.60000000e-01  3.29999995e+00 
 6.70000000e-01  3.29999994e+00 
 6.80000000e-01  3.29999993e+00 
 6.90000000e-01  3.29999991e+00 
 7.00000000e-01  3.29999989e+00 
 7.10000000e-01  3.29999986e+00 
 7.20000000e-01  3.29999982e+00 
 7.30000000e-01  3.29999976e+00 
 7.40000000e-01  3.29999969e+00 
 7.50000000e-01  3.29999959e+00 
 7.60000000e-01  3.29999946e+00 
 7.70000000e-01  3.29999929e+00 
 7.80000000e-01  3.29999905e+00 
 7.90000000e-01  3.29999875e+00 
 8.00000000e-01  3.29999834e+00 
 8.10000000e-01  3.29999780e+00 
 8.20000000e-01  3.29999709e+00 
 8.30000000e-01  3.29999614e+00 
 8.40000000e-01  3.29999489e+00 
 8.50000000e-01  3.29999324e+00 
 8.60000000e-01  3.29999107e+00 
 8.70000000e-01  3.29998821e+00 
 8.80000000e-01  3.29998446e+00 
 8.90000000e-01  3.29997954e+00 
 9.00000000e-01  3.29997311e+00 
 9.10000000e-01  3.29996474e+00 
 9.20000000e-01  3.29995386e+00 
 9.30000000e-01  3.29993978e+00 
 9.40000000e-01  3.29992162e+00 
 9.50000000e-01  3.29989829e+00 
 9.60000000e-01  3.29986843e+00 
 9.70000000e-01  3.29983040e+00 
 9.80000000e-01  3.29978219e+00 
 9.90000000e-01  3.29972137e+00 
 1.00000000e+00  3.29964503e+00 
 1.01000000e+00  3.29954975e+00 
 1.02000000e+00  3.29943148e+00 
 1.03000000e+00  3.29928557e+00 
 1.04000000e+00  3.29910670e+00 
 1.05000000e+00  3.29888893e+00 
 1.06000000e+00  3.29862572e+00 
 1.07000000e+00  3.29831001e+00 
 1.08000000e+00  3.29793438e+00 
 1.09000000e+00  3.29749118e+00 
 1.10000000e+00  3.29697271e+00 
 1.11000000e+00  3.29637137e+00 
 1.12000000e+00  3.29567986e+00 
 1.13000000e+00  3.29489128e+00 
 1.14000000e+00  3.29399926e+00 
 1.15000000e+00  3.29299800e+00 
 1.16000000e+00  3.29188232e+00 
 1.17000000e+00  3.29064764e+00 
 1.18000000e+00  3.28928999e+00 
 1.19000000e+00  3.28780593e+00 
 1.20000000e+00  3.28619249e+00 
 1.21000000e+00  3.28444714e+00 
 1.22000000e+00  3.28256768e+00 
 1.23000000e+00  3.28055214e+00 
 1.24000000e+00  3.27839877e+00 
 1.25000000e+00  3.27610590e+00 
 1.26000000e+00  3.27367190e+00 
 1.27000000e+00  3.27109511e+00 
 1.28000000e+00  3.26837375e+00 
 1.29000000e+00  3.26550589e+00 
 1.30000000e+00  3.26248936e+00 
 1.31000000e+00  3.25932171e+00 
 1.32000000e+00  3.25600015e+00 
 1.33000000e+00  3.25252146e+00 
 1.34000000e+00  3.24888199e+00 
 1.35000000e+00  3.24507753e+00 
 1.36000000e+00  3.24110326e+00 
 1.37000000e+00  3.23695370e+00 
 1.38000000e+00  3.23262256e+00 
 1.39000000e+00  3.22810270e+00 
 1.40000000e+00  3.22338597e+00 
 1.41000000e+00  3.21846304e+00 
 1.42000000e+00  3.21332331e+00 
 1.43000000e+00  3.20795462e+00 
 1.44000000e+00  3.20234303e+00 
 1.45000000e+00  3.19647254e+00 
 1.46000000e+00  3.19032464e+00 
 1.47000000e+00  3.18387786e+00 
 1.48000000e+00  3.17710717e+00 
 1.49000000e+00  3.16998313e+00 
 1.50000000e+00  3.16247087e+00 
 1.51000000e+00  3.15452873e+00 
 1.52000000e+00  3.14610628e+00 
 1.53000000e+00  3.13714179e+00 
 1.54000000e+00  3.12755843e+00 
 1.55000000e+00  3.11725882e+00 
 1.56000000e+00  3.10611670e+00 
 1.57000000e+00  3.09396379e+00 
 1.58000000e+00  3.08056775e+00 
 1.59000000e+00  3.06559311e+00 
 1.60000000e+00  3.04852534e+00 
 1.61000000e+00  3.02850605e+00 
 1.62000000e+00  3.00391194e+00 
 1.63000000e+00  2.97097584e+00 
 1.64000000e+00  2.91338566e+00 
 1.65000000e+00  1.96925174e+00 
 1.66000000e+00  7.71196478e-01 
 1.67000000e+00  7.26690585e-01 
 1.68000000e+00  7.02544388e-01 
 1.69000000e+00  6.85061606e-01 
 1.70000000e+00  6.71473095e-01 
 1.71000000e+00  6.60124435e-01 
 1.72000000e+00  6.50382485e-01 
 1.73000000e+00  6.41858486e-01 
 1.74000000e+00  6.34287443e-01 
 1.75000000e+00  6.27484499e-01 
 1.76000000e+00  6.21315233e-01 
 1.77000000e+00  6.15678474e-01 
 1.78000000e+00  6.10495959e-01 
 1.79000000e+00  6.05705773e-01 
 1.80000000e+00  6.01258001e-01 
 1.81000000e+00  5.97111760e-01 
 1.82000000e+00  5.93233107e-01 
 1.83000000e+00  5.89593524e-01 
 1.84000000e+00  5.86168806e-01 
 1.85000000e+00  5.82938221e-01 
 1.86000000e+00  5.79883865e-01 
 1.87000000e+00  5.76990169e-01 
 1.88000000e+00  5.74243502e-01 
 1.89000000e+00  5.71631865e-01 
 1.90000000e+00  5.69144633e-01 
 1.91000000e+00  5.66772356e-01 
 1.92000000e+00  5.64506592e-01 
 1.93000000e+00  5.62339764e-01 
 1.94000000e+00  5.60265052e-01 
 1.95000000e+00  5.58276288e-01 
 1.96000000e+00  5.56367885e-01 
 1.97000000e+00  5.54534758e-01 
 1.98000000e+00  5.52772269e-01 
 1.99000000e+00  5.51076181e-01 
 2.00000000e+00  5.49442606e-01 
 2.01000000e+00  5.47867972e-01 
 2.02000000e+00  5.46348991e-01 
 2.03000000e+00  5.44882628e-01 
 2.04000000e+00  5.43466075e-01 
 2.05000000e+00  5.42096734e-01 
 2.06000000e+00  5.40772191e-01 
 2.07000000e+00  5.39490204e-01 
 2.08000000e+00  5.38248685e-01 
 2.09000000e+00  5.37045685e-01 
 2.10000000e+00  5.35879387e-01 
 2.11000000e+00  5.34748090e-01 
 2.12000000e+00  5.33650201e-01 
 2.13000000e+00  5.32584227e-01 
 2.14000000e+00  5.31548767e-01 
 2.15000000e+00  5.30542502e-01 
 2.16000000e+00  5.29564194e-01 
 2.17000000e+00  5.28612675e-01 
 2.18000000e+00  5.27686844e-01 
 2.19000000e+00  5.26785661e-01 
 2.20000000e+00  5.25908145e-01 
 2.21000000e+00  5.25053367e-01 
 2.22000000e+00  5.24220450e-01 
 2.23000000e+00  5.23408559e-01 
 2.24000000e+00  5.22616906e-01 
 2.25000000e+00  5.21844743e-01 
 2.26000000e+00  5.21091357e-01 
 2.27000000e+00  5.20356073e-01 
 2.28000000e+00  5.19638247e-01 
 2.29000000e+00  5.18937269e-01 
 2.30000000e+00  5.18252555e-01 
 2.31000000e+00  5.17583550e-01 
 2.32000000e+00  5.16929725e-01 
 2.33000000e+00  5.16290574e-01 
 2.34000000e+00  5.15665614e-01 
 2.35000000e+00  5.15054385e-01 
 2.36000000e+00  5.14456445e-01 
 2.37000000e+00  5.13871374e-01 
 2.38000000e+00  5.13298767e-01 
 2.39000000e+00  5.12738238e-01 
 2.40000000e+00  5.12189418e-01 
 2.41000000e+00  5.11651951e-01 
 2.42000000e+00  5.11125497e-01 
 2.43000000e+00  5.10609730e-01 
 2.44000000e+00  5.10104336e-01 
 2.45000000e+00  5.09609014e-01 
 2.46000000e+00  5.09123475e-01 
 2.47000000e+00  5.08647442e-01 
 2.48000000e+00  5.08180646e-01 
 2.49000000e+00  5.07722831e-01 
 2.50000000e+00  5.07273749e-01 
 2.51000000e+00  5.06833162e-01 
 2.52000000e+00  5.06400841e-01 
 2.53000000e+00  5.05976563e-01 
 2.54000000e+00  5.05560117e-01 
 2.55000000e+00  5.05151296e-01 
 2.56000000e+00  5.04749902e-01 
 2.57000000e+00  5.04355744e-01 
 2.58000000e+00  5.03968637e-01 
 2.59000000e+00  5.03588402e-01 
 2.60000000e+00  5.03214868e-01 
 2.61000000e+00  5.02847868e-01 
 2.62000000e+00  5.02487241e-01 
 2.63000000e+00  5.02132831e-01 
 2.64000000e+00  5.01784488e-01 
 2.65000000e+00  5.01442067e-01 
 2.66000000e+00  5.01105425e-01 
 2.67000000e+00  5.00774428e-01 
 2.68000000e+00  5.00448943e-01 
 2.69000000e+00  5.00128842e-01 
 2.70000000e+00  4.99814001e-01 
 2.71000000e+00  4.99504301e-01 
 2.72000000e+00  4.99199624e-01 
 2.73000000e+00  4.98899858e-01 
 2.74000000e+00  4.98604893e-01 
 2.75000000e+00  4.98314624e-01 
 2.76000000e+00  4.98028946e-01 
 2.77000000e+00  4.97747761e-01 
 2.78000000e+00  4.97470971e-01 
 2.79000000e+00  4.97198482e-01 
 2.80000000e+00  4.96930202e-01 
 2.81000000e+00  4.96666043e-01 
 2.82000000e+00  4.96405917e-01 
 2.83000000e+00  4.96149741e-01 
 2.84000000e+00  4.95897434e-01 
 2.85000000e+00  4.95648916e-01 
 2.86000000e+00  4.95404109e-01 
 2.87000000e+00  4.95162939e-01 
 2.88000000e+00  4.94925332e-01 
 2.89000000e+00  4.94691218e-01 
 2.90000000e+00  4.94460528e-01 
 2.91000000e+00  4.94233193e-01 
 2.92000000e+00  4.94009149e-01 
 2.93000000e+00  4.93788331e-01 
 2.94000000e+00  4.93570677e-01 
 2.95000000e+00  4.93356127e-01 
 2.96000000e+00  4.93144622e-01 
 2.97000000e+00  4.92936104e-01 
 2.98000000e+00  4.92730517e-01 
 2.99000000e+00  4.92527806e-01 
 3.00000000e+00  4.92327918e-01 
 3.01000000e+00  4.92130801e-01 
 3.02000000e+00  4.91936405e-01 
 3.03000000e+00  4.91744679e-01 
 3.04000000e+00  4.91555576e-01 
 3.05000000e+00  4.91369049e-01 
 3.06000000e+00  4.91185051e-01 
 3.07000000e+00  4.91003537e-01 
 3.08000000e+00  4.90824465e-01 
 3.09000000e+00  4.90647790e-01 
 3.10000000e+00  4.90473472e-01 
 3.11000000e+00  4.90301469e-01 
 3.12000000e+00  4.90131742e-01 
 3.13000000e+00  4.89964251e-01 
 3.14000000e+00  4.89798959e-01 
 3.15000000e+00  4.89635829e-01 
 3.16000000e+00  4.89474823e-01 
 3.17000000e+00  4.89315907e-01 
 3.18000000e+00  4.89159046e-01 
 3.19000000e+00  4.89004206e-01 
 3.20000000e+00  4.88851353e-01 
 3.21000000e+00  4.88700456e-01 
 3.22000000e+00  4.88551482e-01 
 3.23000000e+00  4.88404400e-01 
 3.24000000e+00  4.88259180e-01 
 3.25000000e+00  4.88115792e-01 
 3.26000000e+00  4.87974207e-01 
 3.27000000e+00  4.87834396e-01 
 3.28000000e+00  4.87696332e-01 
 3.29000000e+00  4.87559987e-01 
 3.30000000e+00  4.87425334e-01 
