 1.00000000e+01  0.00000000e+00  0.00000000e+00  1.00000000e+01  1.67998276e+02 -1.28495135e-01  1.00000000e+01  0.00000000e+00  0.00000000e+00  1.00000000e+01  1.00000000e+00  0.00000000e+00  1.00000000e+01  0.00000000e+00  0.00000000e+00  1.00000000e+01  0.00000000e+00  0.00000000e+00 
 1.12201845e+01  0.00000000e+00  0.00000000e+00  1.12201845e+01  1.67998250e+02 -1.44173891e-01  1.12201845e+01  0.00000000e+00  0.00000000e+00  1.12201845e+01  1.00000000e+00  0.00000000e+00  1.12201845e+01  0.00000000e+00  0.00000000e+00  1.12201845e+01  0.00000000e+00  0.00000000e+00 
 1.25892541e+01  0.00000000e+00  0.00000000e+00  1.25892541e+01  1.67998218e+02 -1.61765736e-01  1.25892541e+01  0.00000000e+00  0.00000000e+00  1.25892541e+01  1.00000000e+00  0.00000000e+00  1.25892541e+01  0.00000000e+00  0.00000000e+00  1.25892541e+01  0.00000000e+00  0.00000000e+00 
 1.41253754e+01  0.00000000e+00  0.00000000e+00  1.41253754e+01  1.67998178e+02 -1.81504097e-01  1.41253754e+01  0.00000000e+00  0.00000000e+00  1.41253754e+01  1.00000000e+00  0.00000000e+00  1.41253754e+01  0.00000000e+00  0.00000000e+00  1.41253754e+01  0.00000000e+00  0.00000000e+00 
 1.58489319e+01  0.00000000e+00  0.00000000e+00  1.58489319e+01  1.67998127e+02 -2.03650885e-01  1.58489319e+01  0.00000000e+00  0.00000000e+00  1.58489319e+01  1.00000000e+00  0.00000000e+00  1.58489319e+01  0.00000000e+00  0.00000000e+00  1.58489319e+01  0.00000000e+00  0.00000000e+00 
 1.77827941e+01  0.00000000e+00  0.00000000e+00  1.77827941e+01  1.67998063e+02 -2.28499964e-01  1.77827941e+01  0.00000000e+00  0.00000000e+00  1.77827941e+01  1.00000000e+00  0.00000000e+00  1.77827941e+01  0.00000000e+00  0.00000000e+00  1.77827941e+01  0.00000000e+00  0.00000000e+00 
 1.99526231e+01  0.00000000e+00  0.00000000e+00  1.99526231e+01  1.67997983e+02 -2.56381054e-01  1.99526231e+01  0.00000000e+00  0.00000000e+00  1.99526231e+01  1.00000000e+00  0.00000000e+00  1.99526231e+01  0.00000000e+00  0.00000000e+00  1.99526231e+01  0.00000000e+00  0.00000000e+00 
 2.23872114e+01  0.00000000e+00  0.00000000e+00  2.23872114e+01  1.67997881e+02 -2.87664100e-01  2.23872114e+01  0.00000000e+00  0.00000000e+00  2.23872114e+01  1.00000000e+00  0.00000000e+00  2.23872114e+01  0.00000000e+00  0.00000000e+00  2.23872114e+01  0.00000000e+00  0.00000000e+00 
 2.51188643e+01  0.00000000e+00  0.00000000e+00  2.51188643e+01  1.67997754e+02 -3.22764184e-01  2.51188643e+01  0.00000000e+00  0.00000000e+00  2.51188643e+01  1.00000000e+00  0.00000000e+00  2.51188643e+01  0.00000000e+00  0.00000000e+00  2.51188643e+01  0.00000000e+00  0.00000000e+00 
 2.81838293e+01  0.00000000e+00  0.00000000e+00  2.81838293e+01  1.67997593e+02 -3.62147025e-01  2.81838293e+01  0.00000000e+00  0.00000000e+00  2.81838293e+01  1.00000000e+00  0.00000000e+00  2.81838293e+01  0.00000000e+00  0.00000000e+00  2.81838293e+01  0.00000000e+00  0.00000000e+00 
 3.16227766e+01  0.00000000e+00  0.00000000e+00  3.16227766e+01  1.67997391e+02 -4.06335156e-01  3.16227766e+01  0.00000000e+00  0.00000000e+00  3.16227766e+01  1.00000000e+00  0.00000000e+00  3.16227766e+01  0.00000000e+00  0.00000000e+00  3.16227766e+01  0.00000000e+00  0.00000000e+00 
 3.54813389e+01  0.00000000e+00  0.00000000e+00  3.54813389e+01  1.67997137e+02 -4.55914853e-01  3.54813389e+01  0.00000000e+00  0.00000000e+00  3.54813389e+01  1.00000000e+00  0.00000000e+00  3.54813389e+01  0.00000000e+00  0.00000000e+00  3.54813389e+01  0.00000000e+00  0.00000000e+00 
 3.98107171e+01  0.00000000e+00  0.00000000e+00  3.98107171e+01  1.67996816e+02 -5.11543903e-01  3.98107171e+01  0.00000000e+00  0.00000000e+00  3.98107171e+01  1.00000000e+00  0.00000000e+00  3.98107171e+01  0.00000000e+00  0.00000000e+00  3.98107171e+01  0.00000000e+00  0.00000000e+00 
 4.46683592e+01  0.00000000e+00  0.00000000e+00  4.46683592e+01  1.67996413e+02 -5.73960322e-01  4.46683592e+01  0.00000000e+00  0.00000000e+00  4.46683592e+01  1.00000000e+00  0.00000000e+00  4.46683592e+01  0.00000000e+00  0.00000000e+00  4.46683592e+01  0.00000000e+00  0.00000000e+00 
 5.01187234e+01  0.00000000e+00  0.00000000e+00  5.01187234e+01  1.67995905e+02 -6.43992127e-01  5.01187234e+01  0.00000000e+00  0.00000000e+00  5.01187234e+01  1.00000000e+00  0.00000000e+00  5.01187234e+01  0.00000000e+00  0.00000000e+00  5.01187234e+01  0.00000000e+00  0.00000000e+00 
 5.62341325e+01  0.00000000e+00  0.00000000e+00  5.62341325e+01  1.67995266e+02 -7.22568302e-01  5.62341325e+01  0.00000000e+00  0.00000000e+00  5.62341325e+01  1.00000000e+00  0.00000000e+00  5.62341325e+01  0.00000000e+00  0.00000000e+00  5.62341325e+01  0.00000000e+00  0.00000000e+00 
 6.30957344e+01  0.00000000e+00  0.00000000e+00  6.30957344e+01  1.67994462e+02 -8.10731087e-01  6.30957344e+01  0.00000000e+00  0.00000000e+00  6.30957344e+01  1.00000000e+00  0.00000000e+00  6.30957344e+01  0.00000000e+00  0.00000000e+00  6.30957344e+01  0.00000000e+00  0.00000000e+00 
 7.07945784e+01  0.00000000e+00  0.00000000e+00  7.07945784e+01  1.67993449e+02 -9.09649756e-01  7.07945784e+01  0.00000000e+00  0.00000000e+00  7.07945784e+01  1.00000000e+00  0.00000000e+00  7.07945784e+01  0.00000000e+00  0.00000000e+00  7.07945784e+01  0.00000000e+00  0.00000000e+00 
 7.94328235e+01  0.00000000e+00  0.00000000e+00  7.94328235e+01  1.67992173e+02 -1.02063607e+00  7.94328235e+01  0.00000000e+00  0.00000000e+00  7.94328235e+01  1.00000000e+00  0.00000000e+00  7.94328235e+01  0.00000000e+00  0.00000000e+00  7.94328235e+01  0.00000000e+00  0.00000000e+00 
 8.91250938e+01  0.00000000e+00  0.00000000e+00  8.91250938e+01  1.67990568e+02 -1.14516156e+00  8.91250938e+01  0.00000000e+00  0.00000000e+00  8.91250938e+01  1.00000000e+00  0.00000000e+00  8.91250938e+01  0.00000000e+00  0.00000000e+00  8.91250938e+01  0.00000000e+00  0.00000000e+00 
 1.00000000e+02  0.00000000e+00  0.00000000e+00  1.00000000e+02  1.67988547e+02 -1.28487694e+00  1.00000000e+02  0.00000000e+00  0.00000000e+00  1.00000000e+02  1.00000000e+00  0.00000000e+00  1.00000000e+02  0.00000000e+00  0.00000000e+00  1.00000000e+02  0.00000000e+00  0.00000000e+00 
 1.12201845e+02  0.00000000e+00  0.00000000e+00  1.12201845e+02  1.67986003e+02 -1.44163381e+00  1.12201845e+02  0.00000000e+00  0.00000000e+00  1.12201845e+02  1.00000000e+00  0.00000000e+00  1.12201845e+02  0.00000000e+00  0.00000000e+00  1.12201845e+02  0.00000000e+00  0.00000000e+00 
 1.25892541e+02  0.00000000e+00  0.00000000e+00  1.25892541e+02  1.67982800e+02 -1.61750890e+00  1.25892541e+02  0.00000000e+00  0.00000000e+00  1.25892541e+02  1.00000000e+00  0.00000000e+00  1.25892541e+02  0.00000000e+00  0.00000000e+00  1.25892541e+02  0.00000000e+00  0.00000000e+00 
 1.41253754e+02  0.00000000e+00  0.00000000e+00  1.41253754e+02  1.67978768e+02 -1.81483127e+00  1.41253754e+02  0.00000000e+00  0.00000000e+00  1.41253754e+02  1.00000000e+00  0.00000000e+00  1.41253754e+02  0.00000000e+00  0.00000000e+00  1.41253754e+02  0.00000000e+00  0.00000000e+00 
 1.58489319e+02  0.00000000e+00  0.00000000e+00  1.58489319e+02  1.67973692e+02 -2.03621265e+00  1.58489319e+02  0.00000000e+00  0.00000000e+00  1.58489319e+02  1.00000000e+00  0.00000000e+00  1.58489319e+02  0.00000000e+00  0.00000000e+00  1.58489319e+02  0.00000000e+00  0.00000000e+00 
 1.77827941e+02  0.00000000e+00  0.00000000e+00  1.77827941e+02  1.67967302e+02 -2.28458127e+00  1.77827941e+02  0.00000000e+00  0.00000000e+00  1.77827941e+02  1.00000000e+00  0.00000000e+00  1.77827941e+02  0.00000000e+00  0.00000000e+00  1.77827941e+02  0.00000000e+00  0.00000000e+00 
 1.99526231e+02  0.00000000e+00  0.00000000e+00  1.99526231e+02  1.67959259e+02 -2.56321960e+00  1.99526231e+02  0.00000000e+00  0.00000000e+00  1.99526231e+02  1.00000000e+00  0.00000000e+00  1.99526231e+02  0.00000000e+00  0.00000000e+00  1.99526231e+02  0.00000000e+00  0.00000000e+00 
 2.23872114e+02  0.00000000e+00  0.00000000e+00  2.23872114e+02  1.67949134e+02 -2.87580634e+00  2.23872114e+02  0.00000000e+00  0.00000000e+00  2.23872114e+02  1.00000000e+00  0.00000000e+00  2.23872114e+02  0.00000000e+00  0.00000000e+00  2.23872114e+02  0.00000000e+00  0.00000000e+00 
 2.51188643e+02  0.00000000e+00  0.00000000e+00  2.51188643e+02  1.67936389e+02 -3.22646294e+00  2.51188643e+02  0.00000000e+00  0.00000000e+00  2.51188643e+02  1.00000000e+00  0.00000000e+00  2.51188643e+02  0.00000000e+00  0.00000000e+00  2.51188643e+02  0.00000000e+00  0.00000000e+00 
 2.81838293e+02  0.00000000e+00  0.00000000e+00  2.81838293e+02  1.67920347e+02 -3.61980516e+00  2.81838293e+02  0.00000000e+00  0.00000000e+00  2.81838293e+02  1.00000000e+00  0.00000000e+00  2.81838293e+02  0.00000000e+00  0.00000000e+00  2.81838293e+02  0.00000000e+00  0.00000000e+00 
 3.16227766e+02  0.00000000e+00  0.00000000e+00  3.16227766e+02  1.67900156e+02 -4.06099985e+00  3.16227766e+02  0.00000000e+00  0.00000000e+00  3.16227766e+02  1.00000000e+00  0.00000000e+00  3.16227766e+02  0.00000000e+00  0.00000000e+00  3.16227766e+02  0.00000000e+00  0.00000000e+00 
 3.54813389e+02  0.00000000e+00  0.00000000e+00  3.54813389e+02  1.67874743e+02 -4.55582716e+00  3.54813389e+02  0.00000000e+00  0.00000000e+00  3.54813389e+02  1.00000000e+00  0.00000000e+00  3.54813389e+02  0.00000000e+00  0.00000000e+00  3.54813389e+02  0.00000000e+00  0.00000000e+00 
 3.98107171e+02  0.00000000e+00  0.00000000e+00  3.98107171e+02  1.67842762e+02 -5.11074838e+00  3.98107171e+02  0.00000000e+00  0.00000000e+00  3.98107171e+02  1.00000000e+00  0.00000000e+00  3.98107171e+02  0.00000000e+00  0.00000000e+00  3.98107171e+02  0.00000000e+00  0.00000000e+00 
 4.46683592e+02  0.00000000e+00  0.00000000e+00  4.46683592e+02  1.67802517e+02 -5.73297910e+00  4.46683592e+02  0.00000000e+00  0.00000000e+00  4.46683592e+02  1.00000000e+00  0.00000000e+00  4.46683592e+02  0.00000000e+00  0.00000000e+00  4.46683592e+02  0.00000000e+00  0.00000000e+00 
 5.01187234e+02  0.00000000e+00  0.00000000e+00  5.01187234e+02  1.67751879e+02 -6.43056731e+00  5.01187234e+02  0.00000000e+00  0.00000000e+00  5.01187234e+02  1.00000000e+00  0.00000000e+00  5.01187234e+02  0.00000000e+00  0.00000000e+00  5.01187234e+02  0.00000000e+00  0.00000000e+00 
 5.62341325e+02  0.00000000e+00  0.00000000e+00  5.62341325e+02  1.67688173e+02 -7.21247526e+00  5.62341325e+02  0.00000000e+00  0.00000000e+00  5.62341325e+02  1.00000000e+00  0.00000000e+00  5.62341325e+02  0.00000000e+00  0.00000000e+00  5.62341325e+02  0.00000000e+00  0.00000000e+00 
 6.30957344e+02  0.00000000e+00  0.00000000e+00  6.30957344e+02  1.67608041e+02 -8.08866341e+00  6.30957344e+02  0.00000000e+00  0.00000000e+00  6.30957344e+02  1.00000000e+00  0.00000000e+00  6.30957344e+02  0.00000000e+00  0.00000000e+00  6.30957344e+02  0.00000000e+00  0.00000000e+00 
 7.07945784e+02  0.00000000e+00  0.00000000e+00  7.07945784e+02  1.67507269e+02 -9.07017332e+00  7.07945784e+02  0.00000000e+00  0.00000000e+00  7.07945784e+02  1.00000000e+00  0.00000000e+00  7.07945784e+02  0.00000000e+00  0.00000000e+00  7.07945784e+02  0.00000000e+00  0.00000000e+00 
 7.94328235e+02  0.00000000e+00  0.00000000e+00  7.94328235e+02  1.67380577e+02 -1.01692051e+01  7.94328235e+02  0.00000000e+00  0.00000000e+00  7.94328235e+02  1.00000000e+00  0.00000000e+00  7.94328235e+02  0.00000000e+00  0.00000000e+00  7.94328235e+02  0.00000000e+00  0.00000000e+00 
 8.91250938e+02  0.00000000e+00  0.00000000e+00  8.91250938e+02  1.67221353e+02 -1.13991824e+01  8.91250938e+02  0.00000000e+00  0.00000000e+00  8.91250938e+02  1.00000000e+00  0.00000000e+00  8.91250938e+02  0.00000000e+00  0.00000000e+00  8.91250938e+02  0.00000000e+00  0.00000000e+00 
 1.00000000e+03  0.00000000e+00  0.00000000e+00  1.00000000e+03  1.67021333e+02 -1.27747950e+01  1.00000000e+03  0.00000000e+00  0.00000000e+00  1.00000000e+03  1.00000000e+00  0.00000000e+00  1.00000000e+03  0.00000000e+00  0.00000000e+00  1.00000000e+03  0.00000000e+00  0.00000000e+00 
 1.12201845e+03  0.00000000e+00  0.00000000e+00  1.12201845e+03  1.66770202e+02 -1.43120052e+01  1.12201845e+03  0.00000000e+00  0.00000000e+00  1.12201845e+03  1.00000000e+00  0.00000000e+00  1.12201845e+03  0.00000000e+00  0.00000000e+00  1.12201845e+03  0.00000000e+00  0.00000000e+00 
 1.25892541e+03  0.00000000e+00  0.00000000e+00  1.25892541e+03  1.66455118e+02 -1.60279960e+01  1.25892541e+03  0.00000000e+00  0.00000000e+00  1.25892541e+03  1.00000000e+00  0.00000000e+00  1.25892541e+03  0.00000000e+00  0.00000000e+00  1.25892541e+03  0.00000000e+00  0.00000000e+00 
 1.41253754e+03  0.00000000e+00  0.00000000e+00  1.41253754e+03  1.66060139e+02 -1.79410364e+01  1.41253754e+03  0.00000000e+00  0.00000000e+00  1.41253754e+03  1.00000000e+00  0.00000000e+00  1.41253754e+03  0.00000000e+00  0.00000000e+00  1.41253754e+03  0.00000000e+00  0.00000000e+00 
 1.58489319e+03  0.00000000e+00  0.00000000e+00  1.58489319e+03  1.65565548e+02 -2.00702217e+01  1.58489319e+03  0.00000000e+00  0.00000000e+00  1.58489319e+03  1.00000000e+00  0.00000000e+00  1.58489319e+03  0.00000000e+00  0.00000000e+00  1.58489319e+03  0.00000000e+00  0.00000000e+00 
 1.77827941e+03  0.00000000e+00  0.00000000e+00  1.77827941e+03  1.64947068e+02 -2.24350420e+01  1.77827941e+03  0.00000000e+00  0.00000000e+00  1.77827941e+03  1.00000000e+00  0.00000000e+00  1.77827941e+03  0.00000000e+00  0.00000000e+00  1.77827941e+03  0.00000000e+00  0.00000000e+00 
 1.99526231e+03  0.00000000e+00  0.00000000e+00  1.99526231e+03  1.64174987e+02 -2.50547104e+01  1.99526231e+03  0.00000000e+00  0.00000000e+00  1.99526231e+03  1.00000000e+00  0.00000000e+00  1.99526231e+03  0.00000000e+00  0.00000000e+00  1.99526231e+03  0.00000000e+00  0.00000000e+00 
 2.23872114e+03  0.00000000e+00  0.00000000e+00  2.23872114e+03  1.63213211e+02 -2.79471705e+01  2.23872114e+03  0.00000000e+00  0.00000000e+00  2.23872114e+03  1.00000000e+00  0.00000000e+00  2.23872114e+03  0.00000000e+00  0.00000000e+00  2.23872114e+03  0.00000000e+00  0.00000000e+00 
 2.51188643e+03  0.00000000e+00  0.00000000e+00  2.51188643e+03  1.62018312e+02 -3.11276843e+01  2.51188643e+03  0.00000000e+00  0.00000000e+00  2.51188643e+03  1.00000000e+00  0.00000000e+00  2.51188643e+03  0.00000000e+00  0.00000000e+00  2.51188643e+03  0.00000000e+00  0.00000000e+00 
 2.81838293e+03  0.00000000e+00  0.00000000e+00  2.81838293e+03  1.60538672e+02 -3.46068919e+01  2.81838293e+03  0.00000000e+00  0.00000000e+00  2.81838293e+03  1.00000000e+00  0.00000000e+00  2.81838293e+03  0.00000000e+00  0.00000000e+00  2.81838293e+03  0.00000000e+00  0.00000000e+00 
 3.16227766e+03  0.00000000e+00  0.00000000e+00  3.16227766e+03  1.58713905e+02 -3.83882385e+01  3.16227766e+03  0.00000000e+00  0.00000000e+00  3.16227766e+03  1.00000000e+00  0.00000000e+00  3.16227766e+03  0.00000000e+00  0.00000000e+00  3.16227766e+03  0.00000000e+00  0.00000000e+00 
 3.54813389e+03  0.00000000e+00  0.00000000e+00  3.54813389e+03  1.56474809e+02 -4.24646926e+01  3.54813389e+03  0.00000000e+00  0.00000000e+00  3.54813389e+03  1.00000000e+00  0.00000000e+00  3.54813389e+03  0.00000000e+00  0.00000000e+00  3.54813389e+03  0.00000000e+00  0.00000000e+00 
 3.98107171e+03  0.00000000e+00  0.00000000e+00  3.98107171e+03  1.53744214e+02 -4.68147568e+01  3.98107171e+03  0.00000000e+00  0.00000000e+00  3.98107171e+03  1.00000000e+00  0.00000000e+00  3.98107171e+03  0.00000000e+00  0.00000000e+00  3.98107171e+03  0.00000000e+00  0.00000000e+00 
 4.46683592e+03  0.00000000e+00  0.00000000e+00  4.46683592e+03  1.50439187e+02 -5.13979176e+01  4.46683592e+03  0.00000000e+00  0.00000000e+00  4.46683592e+03  1.00000000e+00  0.00000000e+00  4.46683592e+03  0.00000000e+00  0.00000000e+00  4.46683592e+03  0.00000000e+00  0.00000000e+00 
 5.01187234e+03  0.00000000e+00  0.00000000e+00  5.01187234e+03  1.46475118e+02 -5.61499142e+01  5.01187234e+03  0.00000000e+00  0.00000000e+00  5.01187234e+03  1.00000000e+00  0.00000000e+00  5.01187234e+03  0.00000000e+00  0.00000000e+00  5.01187234e+03  0.00000000e+00  0.00000000e+00 
 5.62341325e+03  0.00000000e+00  0.00000000e+00  5.62341325e+03  1.41772143e+02 -6.09785394e+01  5.62341325e+03  0.00000000e+00  0.00000000e+00  5.62341325e+03  1.00000000e+00  0.00000000e+00  5.62341325e+03  0.00000000e+00  0.00000000e+00  5.62341325e+03  0.00000000e+00  0.00000000e+00 
 6.30957344e+03  0.00000000e+00  0.00000000e+00  6.30957344e+03  1.36264161e+02 -6.57610686e+01  6.30957344e+03  0.00000000e+00  0.00000000e+00  6.30957344e+03  1.00000000e+00  0.00000000e+00  6.30957344e+03  0.00000000e+00  0.00000000e+00  6.30957344e+03  0.00000000e+00  0.00000000e+00 
 7.07945784e+03  0.00000000e+00  0.00000000e+00  7.07945784e+03  1.29910161e+02 -7.03447554e+01  7.07945784e+03  0.00000000e+00  0.00000000e+00  7.07945784e+03  1.00000000e+00  0.00000000e+00  7.07945784e+03  0.00000000e+00  0.00000000e+00  7.07945784e+03  0.00000000e+00  0.00000000e+00 
 7.94328235e+03  0.00000000e+00  0.00000000e+00  7.94328235e+03  1.22706767e+02 -7.45519248e+01  7.94328235e+03  0.00000000e+00  0.00000000e+00  7.94328235e+03  1.00000000e+00  0.00000000e+00  7.94328235e+03  0.00000000e+00  0.00000000e+00  7.94328235e+03  0.00000000e+00  0.00000000e+00 
 8.91250938e+03  0.00000000e+00  0.00000000e+00  8.91250938e+03  1.14699927e+02 -7.81908052e+01  8.91250938e+03  0.00000000e+00  0.00000000e+00  8.91250938e+03  1.00000000e+00  0.00000000e+00  8.91250938e+03  0.00000000e+00  0.00000000e+00  8.91250938e+03  0.00000000e+00  0.00000000e+00 
 1.00000000e+04  0.00000000e+00  0.00000000e+00  1.00000000e+04  1.05992817e+02 -8.10721601e+01  1.00000000e+04  0.00000000e+00  0.00000000e+00  1.00000000e+04  1.00000000e+00  0.00000000e+00  1.00000000e+04  0.00000000e+00  0.00000000e+00  1.00000000e+04  0.00000000e+00  0.00000000e+00 
 1.12201845e+04  0.00000000e+00  0.00000000e+00  1.12201845e+04  9.67468178e+01 -8.30300851e+01  1.12201845e+04  0.00000000e+00  0.00000000e+00  1.12201845e+04  1.00000000e+00  0.00000000e+00  1.12201845e+04  0.00000000e+00  0.00000000e+00  1.12201845e+04  0.00000000e+00  0.00000000e+00 
 1.25892541e+04  0.00000000e+00  0.00000000e+00  1.25892541e+04  8.71733554e+01 -8.39434745e+01  1.25892541e+04  0.00000000e+00  0.00000000e+00  1.25892541e+04  1.00000000e+00  0.00000000e+00  1.25892541e+04  0.00000000e+00  0.00000000e+00  1.25892541e+04  0.00000000e+00  0.00000000e+00 
 1.41253754e+04  0.00000000e+00  0.00000000e+00  1.41253754e+04  7.75164867e+01 -8.37534641e+01  1.41253754e+04  0.00000000e+00  0.00000000e+00  1.41253754e+04  1.00000000e+00  0.00000000e+00  1.41253754e+04  0.00000000e+00  0.00000000e+00  1.41253754e+04  0.00000000e+00  0.00000000e+00 
 1.58489319e+04  0.00000000e+00  0.00000000e+00  1.58489319e+04  6.80288477e+01 -8.24724244e+01  1.58489319e+04  0.00000000e+00  0.00000000e+00  1.58489319e+04  1.00000000e+00  0.00000000e+00  1.58489319e+04  0.00000000e+00  0.00000000e+00  1.58489319e+04  0.00000000e+00  0.00000000e+00 
 1.77827941e+04  0.00000000e+00  0.00000000e+00  1.77827941e+04  5.89457811e+01 -8.01820439e+01  1.77827941e+04  0.00000000e+00  0.00000000e+00  1.77827941e+04  1.00000000e+00  0.00000000e+00  1.77827941e+04  0.00000000e+00  0.00000000e+00  1.77827941e+04  0.00000000e+00  0.00000000e+00 
 1.99526231e+04  0.00000000e+00  0.00000000e+00  1.99526231e+04  5.04631012e+01 -7.70210341e+01  1.99526231e+04  0.00000000e+00  0.00000000e+00  1.99526231e+04  1.00000000e+00  0.00000000e+00  1.99526231e+04  0.00000000e+00  0.00000000e+00  1.99526231e+04  0.00000000e+00  0.00000000e+00 
 2.23872114e+04  0.00000000e+00  0.00000000e+00  2.23872114e+04  4.27226931e+01 -7.31657614e+01  2.23872114e+04  0.00000000e+00  0.00000000e+00  2.23872114e+04  1.00000000e+00  0.00000000e+00  2.23872114e+04  0.00000000e+00  0.00000000e+00  2.23872114e+04  0.00000000e+00  0.00000000e+00 
 2.51188643e+04  0.00000000e+00  0.00000000e+00  2.51188643e+04  3.58076209e+01 -6.88085173e+01  2.51188643e+04  0.00000000e+00  0.00000000e+00  2.51188643e+04  1.00000000e+00  0.00000000e+00  2.51188643e+04  0.00000000e+00  0.00000000e+00  2.51188643e+04  0.00000000e+00  0.00000000e+00 
 2.81838293e+04  0.00000000e+00  0.00000000e+00  2.81838293e+04  2.97457990e+01 -6.41378430e+01  2.81838293e+04  0.00000000e+00  0.00000000e+00  2.81838293e+04  1.00000000e+00  0.00000000e+00  2.81838293e+04  0.00000000e+00  0.00000000e+00  2.81838293e+04  0.00000000e+00  0.00000000e+00 
 3.16227766e+04  0.00000000e+00  0.00000000e+00  3.16227766e+04  2.45195525e+01 -5.93237943e+01  3.16227766e+04  0.00000000e+00  0.00000000e+00  3.16227766e+04  1.00000000e+00  0.00000000e+00  3.16227766e+04  0.00000000e+00  0.00000000e+00  3.16227766e+04  0.00000000e+00  0.00000000e+00 
 3.54813389e+04  0.00000000e+00  0.00000000e+00  3.54813389e+04  2.00778960e+01 -5.45091510e+01  3.54813389e+04  0.00000000e+00  0.00000000e+00  3.54813389e+04  1.00000000e+00  0.00000000e+00  3.54813389e+04  0.00000000e+00  0.00000000e+00  3.54813389e+04  0.00000000e+00  0.00000000e+00 
 3.98107171e+04  0.00000000e+00  0.00000000e+00  3.98107171e+04  1.63488457e+01 -4.98060588e+01  3.98107171e+04  0.00000000e+00  0.00000000e+00  3.98107171e+04  1.00000000e+00  0.00000000e+00  3.98107171e+04  0.00000000e+00  0.00000000e+00  3.98107171e+04  0.00000000e+00  0.00000000e+00 
 4.46683592e+04  0.00000000e+00  0.00000000e+00  4.46683592e+04  1.32500286e+01 -4.52967583e+01  4.46683592e+04  0.00000000e+00  0.00000000e+00  4.46683592e+04  1.00000000e+00  0.00000000e+00  4.46683592e+04  0.00000000e+00  0.00000000e+00  4.46683592e+04  0.00000000e+00  0.00000000e+00 
 5.01187234e+04  0.00000000e+00  0.00000000e+00  5.01187234e+04  1.06968105e+01 -4.10368619e+01  5.01187234e+04  0.00000000e+00  0.00000000e+00  5.01187234e+04  1.00000000e+00  0.00000000e+00  5.01187234e+04  0.00000000e+00  0.00000000e+00  5.01187234e+04  0.00000000e+00  0.00000000e+00 
 5.62341325e+04  0.00000000e+00  0.00000000e+00  5.62341325e+04  8.60787841e+00 -3.70598380e+01  5.62341325e+04  0.00000000e+00  0.00000000e+00  5.62341325e+04  1.00000000e+00  0.00000000e+00  5.62341325e+04  0.00000000e+00  0.00000000e+00  5.62341325e+04  0.00000000e+00  0.00000000e+00 
 6.30957344e+04  0.00000000e+00  0.00000000e+00  6.30957344e+04  6.90862088e+00 -3.33817425e+01  6.30957344e+04  0.00000000e+00  0.00000000e+00  6.30957344e+04  1.00000000e+00  0.00000000e+00  6.30957344e+04  0.00000000e+00  0.00000000e+00  6.30957344e+04  0.00000000e+00  0.00000000e+00 
 7.07945784e+04  0.00000000e+00  0.00000000e+00  7.07945784e+04  5.53281203e+00 -3.00056054e+01  7.07945784e+04  0.00000000e+00  0.00000000e+00  7.07945784e+04  1.00000000e+00  0.00000000e+00  7.07945784e+04  0.00000000e+00  0.00000000e+00  7.07945784e+04  0.00000000e+00  0.00000000e+00 
 7.94328235e+04  0.00000000e+00  0.00000000e+00  7.94328235e+04  4.42310631e+00 -2.69251854e+01  7.94328235e+04  0.00000000e+00  0.00000000e+00  7.94328235e+04  1.00000000e+00  0.00000000e+00  7.94328235e+04  0.00000000e+00  0.00000000e+00  7.94328235e+04  0.00000000e+00  0.00000000e+00 
 8.91250938e+04  0.00000000e+00  0.00000000e+00  8.91250938e+04  3.53077350e+00 -2.41280043e+01  8.91250938e+04  0.00000000e+00  0.00000000e+00  8.91250938e+04  1.00000000e+00  0.00000000e+00  8.91250938e+04  0.00000000e+00  0.00000000e+00  8.91250938e+04  0.00000000e+00  0.00000000e+00 
 1.00000000e+05  0.00000000e+00  0.00000000e+00  1.00000000e+05  2.81500010e+00 -2.15976926e+01  1.00000000e+05  0.00000000e+00  0.00000000e+00  1.00000000e+05  1.00000000e+00  0.00000000e+00  1.00000000e+05  0.00000000e+00  0.00000000e+00  1.00000000e+05  0.00000000e+00  0.00000000e+00 
 1.12201845e+05  0.00000000e+00  0.00000000e+00  1.12201845e+05  2.24198578e+00 -1.93157364e+01  1.12201845e+05  0.00000000e+00  0.00000000e+00  1.12201845e+05  1.00000000e+00  0.00000000e+00  1.12201845e+05  0.00000000e+00  0.00000000e+00  1.12201845e+05  0.00000000e+00  0.00000000e+00 
 1.25892541e+05  0.00000000e+00  0.00000000e+00  1.25892541e+05  1.78398337e+00 -1.72627341e+01  1.25892541e+05  0.00000000e+00  0.00000000e+00  1.25892541e+05  1.00000000e+00  0.00000000e+00  1.25892541e+05  0.00000000e+00  0.00000000e+00  1.25892541e+05  0.00000000e+00  0.00000000e+00 
 1.41253754e+05  0.00000000e+00  0.00000000e+00  1.41253754e+05  1.41837145e+00 -1.54192688e+01  1.41253754e+05  0.00000000e+00  0.00000000e+00  1.41253754e+05  1.00000000e+00  0.00000000e+00  1.41253754e+05  0.00000000e+00  0.00000000e+00  1.41253754e+05  0.00000000e+00  0.00000000e+00 
 1.58489319e+05  0.00000000e+00  0.00000000e+00  1.58489319e+05  1.12680734e+00 -1.37664894e+01  1.58489319e+05  0.00000000e+00  0.00000000e+00  1.58489319e+05  1.00000000e+00  0.00000000e+00  1.58489319e+05  0.00000000e+00  0.00000000e+00  1.58489319e+05  0.00000000e+00  0.00000000e+00 
 1.77827941e+05  0.00000000e+00  0.00000000e+00  1.77827941e+05  8.94481359e-01 -1.22864766e+01  1.77827941e+05  0.00000000e+00  0.00000000e+00  1.77827941e+05  1.00000000e+00  0.00000000e+00  1.77827941e+05  0.00000000e+00  0.00000000e+00  1.77827941e+05  0.00000000e+00  0.00000000e+00 
 1.99526231e+05  0.00000000e+00  0.00000000e+00  1.99526231e+05  7.09476752e-01 -1.09624549e+01  1.99526231e+05  0.00000000e+00  0.00000000e+00  1.99526231e+05  1.00000000e+00  0.00000000e+00  1.99526231e+05  0.00000000e+00  0.00000000e+00  1.99526231e+05  0.00000000e+00  0.00000000e+00 
 2.23872114e+05  0.00000000e+00  0.00000000e+00  2.23872114e+05  5.62230182e-01 -9.77889551e+00  2.23872114e+05  0.00000000e+00  0.00000000e+00  2.23872114e+05  1.00000000e+00  0.00000000e+00  2.23872114e+05  0.00000000e+00  0.00000000e+00  2.23872114e+05  0.00000000e+00  0.00000000e+00 
 2.51188643e+05  0.00000000e+00  0.00000000e+00  2.51188643e+05  4.45083221e-01 -8.72154478e+00  2.51188643e+05  0.00000000e+00  0.00000000e+00  2.51188643e+05  1.00000000e+00  0.00000000e+00  2.51188643e+05  0.00000000e+00  0.00000000e+00  2.51188643e+05  0.00000000e+00  0.00000000e+00 
 2.81838293e+05  0.00000000e+00  0.00000000e+00  2.81838293e+05  3.51913201e-01 -7.77740415e+00  2.81838293e+05  0.00000000e+00  0.00000000e+00  2.81838293e+05  1.00000000e+00  0.00000000e+00  2.81838293e+05  0.00000000e+00  0.00000000e+00  2.81838293e+05  0.00000000e+00  0.00000000e+00 
 3.16227766e+05  0.00000000e+00  0.00000000e+00  3.16227766e+05  2.77831751e-01 -6.93467824e+00  3.16227766e+05  0.00000000e+00  0.00000000e+00  3.16227766e+05  1.00000000e+00  0.00000000e+00  3.16227766e+05  0.00000000e+00  0.00000000e+00  3.16227766e+05  0.00000000e+00  0.00000000e+00 
 3.54813389e+05  0.00000000e+00  0.00000000e+00  3.54813389e+05  2.18940093e-01 -6.18270471e+00  3.54813389e+05  0.00000000e+00  0.00000000e+00  3.54813389e+05  1.00000000e+00  0.00000000e+00  3.54813389e+05  0.00000000e+00  0.00000000e+00  3.54813389e+05  0.00000000e+00  0.00000000e+00 
 3.98107171e+05  0.00000000e+00  0.00000000e+00  3.98107171e+05  1.72131310e-01 -5.51187426e+00  3.98107171e+05  0.00000000e+00  0.00000000e+00  3.98107171e+05  1.00000000e+00  0.00000000e+00  3.98107171e+05  0.00000000e+00  0.00000000e+00  3.98107171e+05  0.00000000e+00  0.00000000e+00 
 4.46683592e+05  0.00000000e+00  0.00000000e+00  4.46683592e+05  1.34931159e-01 -4.91354702e+00  4.46683592e+05  0.00000000e+00  0.00000000e+00  4.46683592e+05  1.00000000e+00  0.00000000e+00  4.46683592e+05  0.00000000e+00  0.00000000e+00  4.46683592e+05  0.00000000e+00  0.00000000e+00 
 5.01187234e+05  0.00000000e+00  0.00000000e+00  5.01187234e+05  1.05370282e-01 -4.37996898e+00  5.01187234e+05  0.00000000e+00  0.00000000e+00  5.01187234e+05  1.00000000e+00  0.00000000e+00  5.01187234e+05  0.00000000e+00  0.00000000e+00  5.01187234e+05  0.00000000e+00  0.00000000e+00 
 5.62341325e+05  0.00000000e+00  0.00000000e+00  5.62341325e+05  8.18818297e-02 -3.90419132e+00  5.62341325e+05  0.00000000e+00  0.00000000e+00  5.62341325e+05  1.00000000e+00  0.00000000e+00  5.62341325e+05  0.00000000e+00  0.00000000e+00  5.62341325e+05  0.00000000e+00  0.00000000e+00 
 6.30957344e+05  0.00000000e+00  0.00000000e+00  6.30957344e+05  6.32196157e-02 -3.47999386e+00  6.30957344e+05  0.00000000e+00  0.00000000e+00  6.30957344e+05  1.00000000e+00  0.00000000e+00  6.30957344e+05  0.00000000e+00  0.00000000e+00  6.30957344e+05  0.00000000e+00  0.00000000e+00 
 7.07945784e+05  0.00000000e+00  0.00000000e+00  7.07945784e+05  4.83927491e-02 -3.10181373e+00  7.07945784e+05  0.00000000e+00  0.00000000e+00  7.07945784e+05  1.00000000e+00  0.00000000e+00  7.07945784e+05  0.00000000e+00  0.00000000e+00  7.07945784e+05  0.00000000e+00  0.00000000e+00 
 7.94328235e+05  0.00000000e+00  0.00000000e+00  7.94328235e+05  3.66135014e-02 -2.76467943e+00  7.94328235e+05  0.00000000e+00  0.00000000e+00  7.94328235e+05  1.00000000e+00  0.00000000e+00  7.94328235e+05  0.00000000e+00  0.00000000e+00  7.94328235e+05  0.00000000e+00  0.00000000e+00 
 8.91250938e+05  0.00000000e+00  0.00000000e+00  8.91250938e+05  2.72557560e-02 -2.46415047e+00  8.91250938e+05  0.00000000e+00  0.00000000e+00  8.91250938e+05  1.00000000e+00  0.00000000e+00  8.91250938e+05  0.00000000e+00  0.00000000e+00  8.91250938e+05  0.00000000e+00  0.00000000e+00 
 1.00000000e+06  0.00000000e+00  0.00000000e+00  1.00000000e+06  1.98219183e-02 -2.19626246e+00  1.00000000e+06  0.00000000e+00  0.00000000e+00  1.00000000e+06  1.00000000e+00  0.00000000e+00  1.00000000e+06  0.00000000e+00  0.00000000e+00  1.00000000e+06  0.00000000e+00  0.00000000e+00 
 1.12201845e+06  0.00000000e+00  0.00000000e+00  1.12201845e+06  1.39165759e-02 -1.95747728e+00  1.12201845e+06  0.00000000e+00  0.00000000e+00  1.12201845e+06  1.00000000e+00  0.00000000e+00  1.12201845e+06  0.00000000e+00  0.00000000e+00  1.12201845e+06  0.00000000e+00  0.00000000e+00 
 1.25892541e+06  0.00000000e+00  0.00000000e+00  1.25892541e+06  9.22554218e-03 -1.74463814e+00  1.25892541e+06  0.00000000e+00  0.00000000e+00  1.25892541e+06  1.00000000e+00  0.00000000e+00  1.25892541e+06  0.00000000e+00  0.00000000e+00  1.25892541e+06  0.00000000e+00  0.00000000e+00 
 1.41253754e+06  0.00000000e+00  0.00000000e+00  1.41253754e+06  5.49918837e-03 -1.55492911e+00  1.41253754e+06  0.00000000e+00  0.00000000e+00  1.41253754e+06  1.00000000e+00  0.00000000e+00  1.41253754e+06  0.00000000e+00  0.00000000e+00  1.41253754e+06  0.00000000e+00  0.00000000e+00 
 1.58489319e+06  0.00000000e+00  0.00000000e+00  1.58489319e+06  2.53918976e-03 -1.38583877e+00  1.58489319e+06  0.00000000e+00  0.00000000e+00  1.58489319e+06  1.00000000e+00  0.00000000e+00  1.58489319e+06  0.00000000e+00  0.00000000e+00  1.58489319e+06  0.00000000e+00  0.00000000e+00 
 1.77827941e+06  0.00000000e+00  0.00000000e+00  1.77827941e+06  1.87989603e-04 -1.23512755e+00  1.77827941e+06  0.00000000e+00  0.00000000e+00  1.77827941e+06  1.00000000e+00  0.00000000e+00  1.77827941e+06  0.00000000e+00  0.00000000e+00  1.77827941e+06  0.00000000e+00  0.00000000e+00 
 1.99526231e+06  0.00000000e+00  0.00000000e+00  1.99526231e+06 -1.67957541e-03 -1.10079857e+00  1.99526231e+06  0.00000000e+00  0.00000000e+00  1.99526231e+06  1.00000000e+00  0.00000000e+00  1.99526231e+06  0.00000000e+00  0.00000000e+00  1.99526231e+06  0.00000000e+00  0.00000000e+00 
 2.23872114e+06  0.00000000e+00  0.00000000e+00  2.23872114e+06 -3.16293047e-03 -9.81071457e-01  2.23872114e+06  0.00000000e+00  0.00000000e+00  2.23872114e+06  1.00000000e+00  0.00000000e+00  2.23872114e+06  0.00000000e+00  0.00000000e+00  2.23872114e+06  0.00000000e+00  0.00000000e+00 
 2.51188643e+06  0.00000000e+00  0.00000000e+00  2.51188643e+06 -4.34105109e-03 -8.74358977e-01  2.51188643e+06  0.00000000e+00  0.00000000e+00  2.51188643e+06  1.00000000e+00  0.00000000e+00  2.51188643e+06  0.00000000e+00  0.00000000e+00  2.51188643e+06  0.00000000e+00  0.00000000e+00 
 2.81838293e+06  0.00000000e+00  0.00000000e+00  2.81838293e+06 -5.27666479e-03 -7.79246172e-01  2.81838293e+06  0.00000000e+00  0.00000000e+00  2.81838293e+06  1.00000000e+00  0.00000000e+00  2.81838293e+06  0.00000000e+00  0.00000000e+00  2.81838293e+06  0.00000000e+00  0.00000000e+00 
 3.16227766e+06  0.00000000e+00  0.00000000e+00  3.16227766e+06 -6.01958908e-03 -6.94471699e-01  3.16227766e+06  0.00000000e+00  0.00000000e+00  3.16227766e+06  1.00000000e+00  0.00000000e+00  3.16227766e+06  0.00000000e+00  0.00000000e+00  3.16227766e+06  0.00000000e+00  0.00000000e+00 
 3.54813389e+06  0.00000000e+00  0.00000000e+00  3.54813389e+06 -6.60938280e-03 -6.18911177e-01  3.54813389e+06  0.00000000e+00  0.00000000e+00  3.54813389e+06  1.00000000e+00  0.00000000e+00  3.54813389e+06  0.00000000e+00  0.00000000e+00  3.54813389e+06  0.00000000e+00  0.00000000e+00 
 3.98107171e+06  0.00000000e+00  0.00000000e+00  3.98107171e+06 -7.07745181e-03 -5.51562341e-01  3.98107171e+06  0.00000000e+00  0.00000000e+00  3.98107171e+06  1.00000000e+00  0.00000000e+00  3.98107171e+06  0.00000000e+00  0.00000000e+00  3.98107171e+06  0.00000000e+00  0.00000000e+00 
 4.46683592e+06  0.00000000e+00  0.00000000e+00  4.46683592e+06 -7.44872088e-03 -4.91531779e-01  4.46683592e+06  0.00000000e+00  0.00000000e+00  4.46683592e+06  1.00000000e+00  0.00000000e+00  4.46683592e+06  0.00000000e+00  0.00000000e+00  4.46683592e+06  0.00000000e+00  0.00000000e+00 
 5.01187234e+06  0.00000000e+00  0.00000000e+00  5.01187234e+06 -7.74296061e-03 -4.38023116e-01  5.01187234e+06  0.00000000e+00  0.00000000e+00  5.01187234e+06  1.00000000e+00  0.00000000e+00  5.01187234e+06  0.00000000e+00  0.00000000e+00  5.01187234e+06  0.00000000e+00  0.00000000e+00 
 5.62341325e+06  0.00000000e+00  0.00000000e+00  5.62341325e+06 -7.97584019e-03 -3.90326464e-01  5.62341325e+06  0.00000000e+00  0.00000000e+00  5.62341325e+06  1.00000000e+00  0.00000000e+00  5.62341325e+06  0.00000000e+00  0.00000000e+00  5.62341325e+06  0.00000000e+00  0.00000000e+00 
 6.30957344e+06  0.00000000e+00  0.00000000e+00  6.30957344e+06 -8.15976174e-03 -3.47809026e-01  6.30957344e+06  0.00000000e+00  0.00000000e+00  6.30957344e+06  1.00000000e+00  0.00000000e+00  6.30957344e+06  0.00000000e+00  0.00000000e+00  6.30957344e+06  0.00000000e+00  0.00000000e+00 
 7.07945784e+06  0.00000000e+00  0.00000000e+00  7.07945784e+06 -8.30452091e-03 -3.09906703e-01  7.07945784e+06  0.00000000e+00  0.00000000e+00  7.07945784e+06  1.00000000e+00  0.00000000e+00  7.07945784e+06  0.00000000e+00  0.00000000e+00  7.07945784e+06  0.00000000e+00  0.00000000e+00 
 7.94328235e+06  0.00000000e+00  0.00000000e+00  7.94328235e+06 -8.41782873e-03 -2.76116628e-01  7.94328235e+06  0.00000000e+00  0.00000000e+00  7.94328235e+06  1.00000000e+00  0.00000000e+00  7.94328235e+06  0.00000000e+00  0.00000000e+00  7.94328235e+06  0.00000000e+00  0.00000000e+00 
 8.91250938e+06  0.00000000e+00  0.00000000e+00  8.91250938e+06 -8.50572275e-03 -2.45990497e-01  8.91250938e+06  0.00000000e+00  0.00000000e+00  8.91250938e+06  1.00000000e+00  0.00000000e+00  8.91250938e+06  0.00000000e+00  0.00000000e+00  8.91250938e+06  0.00000000e+00  0.00000000e+00 
 1.00000000e+07  0.00000000e+00  0.00000000e+00  1.00000000e+07 -8.57288927e-03 -2.19128626e-01  1.00000000e+07  0.00000000e+00  0.00000000e+00  1.00000000e+07  1.00000000e+00  0.00000000e+00  1.00000000e+07  0.00000000e+00  0.00000000e+00  1.00000000e+07  0.00000000e+00  0.00000000e+00 
 1.12201845e+07  0.00000000e+00  0.00000000e+00  1.12201845e+07 -8.62291410e-03 -1.95174665e-01  1.12201845e+07  0.00000000e+00  0.00000000e+00  1.12201845e+07  1.00000000e+00  0.00000000e+00  1.12201845e+07  0.00000000e+00  0.00000000e+00  1.12201845e+07  0.00000000e+00  0.00000000e+00 
 1.25892541e+07  0.00000000e+00  0.00000000e+00  1.25892541e+07 -8.65847542e-03 -1.73810869e-01  1.25892541e+07  0.00000000e+00  0.00000000e+00  1.25892541e+07  1.00000000e+00  0.00000000e+00  1.25892541e+07  0.00000000e+00  0.00000000e+00  1.25892541e+07  0.00000000e+00  0.00000000e+00 
 1.41253754e+07  0.00000000e+00  0.00000000e+00  1.41253754e+07 -8.68148937e-03 -1.54753904e-01  1.41253754e+07  0.00000000e+00  0.00000000e+00  1.41253754e+07  1.00000000e+00  0.00000000e+00  1.41253754e+07  0.00000000e+00  0.00000000e+00  1.41253754e+07  0.00000000e+00  0.00000000e+00 
 1.58489319e+07  0.00000000e+00  0.00000000e+00  1.58489319e+07 -8.69321679e-03 -1.37751096e-01  1.58489319e+07  0.00000000e+00  0.00000000e+00  1.58489319e+07  1.00000000e+00  0.00000000e+00  1.58489319e+07  0.00000000e+00  0.00000000e+00  1.58489319e+07  0.00000000e+00  0.00000000e+00 
 1.77827941e+07  0.00000000e+00  0.00000000e+00  1.77827941e+07 -8.69433762e-03 -1.22577108e-01  1.77827941e+07  0.00000000e+00  0.00000000e+00  1.77827941e+07  1.00000000e+00  0.00000000e+00  1.77827941e+07  0.00000000e+00  0.00000000e+00  1.77827941e+07  0.00000000e+00  0.00000000e+00 
 1.99526231e+07  0.00000000e+00  0.00000000e+00  1.99526231e+07 -8.68499851e-03 -1.09030978e-01  1.99526231e+07  0.00000000e+00  0.00000000e+00  1.99526231e+07  1.00000000e+00  0.00000000e+00  1.99526231e+07  0.00000000e+00  0.00000000e+00  1.99526231e+07  0.00000000e+00  0.00000000e+00 
 2.23872114e+07  0.00000000e+00  0.00000000e+00  2.23872114e+07 -8.66483818e-03 -9.69334900e-02  2.23872114e+07  0.00000000e+00  0.00000000e+00  2.23872114e+07  1.00000000e+00  0.00000000e+00  2.23872114e+07  0.00000000e+00  0.00000000e+00  2.23872114e+07  0.00000000e+00  0.00000000e+00 
 2.51188643e+07  0.00000000e+00  0.00000000e+00  2.51188643e+07 -8.63299521e-03 -8.61248581e-02  2.51188643e+07  0.00000000e+00  0.00000000e+00  2.51188643e+07  1.00000000e+00  0.00000000e+00  2.51188643e+07  0.00000000e+00  0.00000000e+00  2.51188643e+07  0.00000000e+00  0.00000000e+00 
 2.81838293e+07  0.00000000e+00  0.00000000e+00  2.81838293e+07 -8.58810345e-03 -7.64626749e-02  2.81838293e+07  0.00000000e+00  0.00000000e+00  2.81838293e+07  1.00000000e+00  0.00000000e+00  2.81838293e+07  0.00000000e+00  0.00000000e+00  2.81838293e+07  0.00000000e+00  0.00000000e+00 
 3.16227766e+07  0.00000000e+00  0.00000000e+00  3.16227766e+07 -8.52828155e-03 -6.78201203e-02  3.16227766e+07  0.00000000e+00  0.00000000e+00  3.16227766e+07  1.00000000e+00  0.00000000e+00  3.16227766e+07  0.00000000e+00  0.00000000e+00  3.16227766e+07  0.00000000e+00  0.00000000e+00 
 3.54813389e+07  0.00000000e+00  0.00000000e+00  3.54813389e+07 -8.45112593e-03 -6.00844006e-02  3.54813389e+07  0.00000000e+00  0.00000000e+00  3.54813389e+07  1.00000000e+00  0.00000000e+00  3.54813389e+07  0.00000000e+00  0.00000000e+00  3.54813389e+07  0.00000000e+00  0.00000000e+00 
 3.98107171e+07  0.00000000e+00  0.00000000e+00  3.98107171e+07 -8.35371950e-03 -5.31554040e-02  3.98107171e+07  0.00000000e+00  0.00000000e+00  3.98107171e+07  1.00000000e+00  0.00000000e+00  3.98107171e+07  0.00000000e+00  0.00000000e+00  3.98107171e+07  0.00000000e+00  0.00000000e+00 
 4.46683592e+07  0.00000000e+00  0.00000000e+00  4.46683592e+07 -8.23267348e-03 -4.69445537e-02  4.46683592e+07  0.00000000e+00  0.00000000e+00  4.46683592e+07  1.00000000e+00  0.00000000e+00  4.46683592e+07  0.00000000e+00  0.00000000e+00  4.46683592e+07  0.00000000e+00  0.00000000e+00 
 5.01187234e+07  0.00000000e+00  0.00000000e+00  5.01187234e+07 -8.08422398e-03 -4.13738347e-02  5.01187234e+07  0.00000000e+00  0.00000000e+00  5.01187234e+07  1.00000000e+00  0.00000000e+00  5.01187234e+07  0.00000000e+00  0.00000000e+00  5.01187234e+07  0.00000000e+00  0.00000000e+00 
 5.62341325e+07  0.00000000e+00  0.00000000e+00  5.62341325e+07 -7.90440874e-03 -3.63749670e-02  5.62341325e+07  0.00000000e+00  0.00000000e+00  5.62341325e+07  1.00000000e+00  0.00000000e+00  5.62341325e+07  0.00000000e+00  0.00000000e+00  5.62341325e+07  0.00000000e+00  0.00000000e+00 
 6.30957344e+07  0.00000000e+00  0.00000000e+00  6.30957344e+07 -7.68934895e-03 -3.18886797e-02  6.30957344e+07  0.00000000e+00  0.00000000e+00  6.30957344e+07  1.00000000e+00  0.00000000e+00  6.30957344e+07  0.00000000e+00  0.00000000e+00  6.30957344e+07  0.00000000e+00  0.00000000e+00 
 7.07945784e+07  0.00000000e+00  0.00000000e+00  7.07945784e+07 -7.43565287e-03 -2.78640271e-02  7.07945784e+07  0.00000000e+00  0.00000000e+00  7.07945784e+07  1.00000000e+00  0.00000000e+00  7.07945784e+07  0.00000000e+00  0.00000000e+00  7.07945784e+07  0.00000000e+00  0.00000000e+00 
 7.94328235e+07  0.00000000e+00  0.00000000e+00  7.94328235e+07 -7.14093745e-03 -2.42576712e-02  7.94328235e+07  0.00000000e+00  0.00000000e+00  7.94328235e+07  1.00000000e+00  0.00000000e+00  7.94328235e+07  0.00000000e+00  0.00000000e+00  7.94328235e+07  0.00000000e+00  0.00000000e+00 
 8.91250938e+07  0.00000000e+00  0.00000000e+00  8.91250938e+07 -6.80442923e-03 -2.10330441e-02  8.91250938e+07  0.00000000e+00  0.00000000e+00  8.91250938e+07  1.00000000e+00  0.00000000e+00  8.91250938e+07  0.00000000e+00  0.00000000e+00  8.91250938e+07  0.00000000e+00  0.00000000e+00 
 1.00000000e+08  0.00000000e+00  0.00000000e+00  1.00000000e+08 -6.42755897e-03 -1.81593195e-02  1.00000000e+08  0.00000000e+00  0.00000000e+00  1.00000000e+08  1.00000000e+00  0.00000000e+00  1.00000000e+08  0.00000000e+00  0.00000000e+00  1.00000000e+08  0.00000000e+00  0.00000000e+00 
 1.12201845e+08  0.00000000e+00  0.00000000e+00  1.12201845e+08 -6.01441876e-03 -1.56101596e-02  1.12201845e+08  0.00000000e+00  0.00000000e+00  1.12201845e+08  1.00000000e+00  0.00000000e+00  1.12201845e+08  0.00000000e+00  0.00000000e+00  1.12201845e+08  0.00000000e+00  0.00000000e+00 
 1.25892541e+08  0.00000000e+00  0.00000000e+00  1.25892541e+08 -5.57192796e-03 -1.33622852e-02  1.25892541e+08  0.00000000e+00  0.00000000e+00  1.25892541e+08  1.00000000e+00  0.00000000e+00  1.25892541e+08  0.00000000e+00  0.00000000e+00  1.25892541e+08  0.00000000e+00  0.00000000e+00 
 1.41253754e+08  0.00000000e+00  0.00000000e+00  1.41253754e+08 -5.10958007e-03 -1.13940029e-02  1.41253754e+08  0.00000000e+00  0.00000000e+00  1.41253754e+08  1.00000000e+00  0.00000000e+00  1.41253754e+08  0.00000000e+00  0.00000000e+00  1.41253754e+08  0.00000000e+00  0.00000000e+00 
 1.58489319e+08  0.00000000e+00  0.00000000e+00  1.58489319e+08 -4.63872841e-03 -9.68390080e-03  1.58489319e+08  0.00000000e+00  0.00000000e+00  1.58489319e+08  1.00000000e+00  0.00000000e+00  1.58489319e+08  0.00000000e+00  0.00000000e+00  1.58489319e+08  0.00000000e+00  0.00000000e+00 
 1.77827941e+08  0.00000000e+00  0.00000000e+00  1.77827941e+08 -4.17149604e-03 -8.20993619e-03  1.77827941e+08  0.00000000e+00  0.00000000e+00  1.77827941e+08  1.00000000e+00  0.00000000e+00  1.77827941e+08  0.00000000e+00  0.00000000e+00  1.77827941e+08  0.00000000e+00  0.00000000e+00 
 1.99526231e+08  0.00000000e+00  0.00000000e+00  1.99526231e+08 -3.71951664e-03 -6.94906647e-03  1.99526231e+08  0.00000000e+00  0.00000000e+00  1.99526231e+08  1.00000000e+00  0.00000000e+00  1.99526231e+08  0.00000000e+00  0.00000000e+00  1.99526231e+08  0.00000000e+00  0.00000000e+00 
 2.23872114e+08  0.00000000e+00  0.00000000e+00  2.23872114e+08 -3.29277181e-03 -5.87744214e-03  2.23872114e+08  0.00000000e+00  0.00000000e+00  2.23872114e+08  1.00000000e+00  0.00000000e+00  2.23872114e+08  0.00000000e+00  0.00000000e+00  2.23872114e+08  0.00000000e+00  0.00000000e+00 
 2.51188643e+08  0.00000000e+00  0.00000000e+00  2.51188643e+08 -2.89875651e-03 -4.97103490e-03  2.51188643e+08  0.00000000e+00  0.00000000e+00  2.51188643e+08  1.00000000e+00  0.00000000e+00  2.51188643e+08  0.00000000e+00  0.00000000e+00  2.51188643e+08  0.00000000e+00  0.00000000e+00 
 2.81838293e+08  0.00000000e+00  0.00000000e+00  2.81838293e+08 -2.54209595e-03 -4.20648223e-03  2.81838293e+08  0.00000000e+00  0.00000000e+00  2.81838293e+08  1.00000000e+00  0.00000000e+00  2.81838293e+08  0.00000000e+00  0.00000000e+00  2.81838293e+08  0.00000000e+00  0.00000000e+00 
 3.16227766e+08  0.00000000e+00  0.00000000e+00  3.16227766e+08 -2.22460611e-03 -3.56191933e-03  3.16227766e+08  0.00000000e+00  0.00000000e+00  3.16227766e+08  1.00000000e+00  0.00000000e+00  3.16227766e+08  0.00000000e+00  0.00000000e+00  3.16227766e+08  0.00000000e+00  0.00000000e+00 
 3.54813389e+08  0.00000000e+00  0.00000000e+00  3.54813389e+08 -1.94568971e-03 -3.01762899e-03  3.54813389e+08  0.00000000e+00  0.00000000e+00  3.54813389e+08  1.00000000e+00  0.00000000e+00  3.54813389e+08  0.00000000e+00  0.00000000e+00  3.54813389e+08  0.00000000e+00  0.00000000e+00 
 3.98107171e+08  0.00000000e+00  0.00000000e+00  3.98107171e+08 -1.70291764e-03 -2.55643010e-03  3.98107171e+08  0.00000000e+00  0.00000000e+00  3.98107171e+08  1.00000000e+00  0.00000000e+00  3.98107171e+08  0.00000000e+00  0.00000000e+00  3.98107171e+08  0.00000000e+00  0.00000000e+00 
 4.46683592e+08  0.00000000e+00  0.00000000e+00  4.46683592e+08 -1.49265722e-03 -2.16380594e-03  4.46683592e+08  0.00000000e+00  0.00000000e+00  4.46683592e+08  1.00000000e+00  0.00000000e+00  4.46683592e+08  0.00000000e+00  0.00000000e+00  4.46683592e+08  0.00000000e+00  0.00000000e+00 
 5.01187234e+08  0.00000000e+00  0.00000000e+00  5.01187234e+08 -1.31065010e-03 -1.82782335e-03  5.01187234e+08  0.00000000e+00  0.00000000e+00  5.01187234e+08  1.00000000e+00  0.00000000e+00  5.01187234e+08  0.00000000e+00  0.00000000e+00  5.01187234e+08  0.00000000e+00  0.00000000e+00 
 5.62341325e+08  0.00000000e+00  0.00000000e+00  5.62341325e+08 -1.15248956e-03 -1.53891007e-03  5.62341325e+08  0.00000000e+00  0.00000000e+00  5.62341325e+08  1.00000000e+00  0.00000000e+00  5.62341325e+08  0.00000000e+00  0.00000000e+00  5.62341325e+08  0.00000000e+00  0.00000000e+00 
 6.30957344e+08  0.00000000e+00  0.00000000e+00  6.30957344e+08 -1.01398329e-03 -1.28955126e-03  6.30957344e+08  0.00000000e+00  0.00000000e+00  6.30957344e+08  1.00000000e+00  0.00000000e+00  6.30957344e+08  0.00000000e+00  0.00000000e+00  6.30957344e+08  0.00000000e+00  0.00000000e+00 
 7.07945784e+08  0.00000000e+00  0.00000000e+00  7.07945784e+08 -8.91407864e-04 -1.07394931e-03  7.07945784e+08  0.00000000e+00  0.00000000e+00  7.07945784e+08  1.00000000e+00  0.00000000e+00  7.07945784e+08  0.00000000e+00  0.00000000e+00  7.07945784e+08  0.00000000e+00  0.00000000e+00 
 7.94328235e+08  0.00000000e+00  0.00000000e+00  7.94328235e+08 -7.81667868e-04 -8.87674668e-04  7.94328235e+08  0.00000000e+00  0.00000000e+00  7.94328235e+08  1.00000000e+00  0.00000000e+00  7.94328235e+08  0.00000000e+00  0.00000000e+00  7.94328235e+08  0.00000000e+00  0.00000000e+00 
 8.91250938e+08  0.00000000e+00  0.00000000e+00  8.91250938e+08 -6.82370356e-04 -7.27325065e-04  8.91250938e+08  0.00000000e+00  0.00000000e+00  8.91250938e+08  1.00000000e+00  0.00000000e+00  8.91250938e+08  0.00000000e+00  0.00000000e+00  8.91250938e+08  0.00000000e+00  0.00000000e+00 
 1.00000000e+09  0.00000000e+00  0.00000000e+00  1.00000000e+09 -5.91822218e-04 -5.90207871e-04  1.00000000e+09  0.00000000e+00  0.00000000e+00  1.00000000e+09  1.00000000e+00  0.00000000e+00  1.00000000e+09  0.00000000e+00  0.00000000e+00  1.00000000e+09  0.00000000e+00  0.00000000e+00 
 1.12201845e+09  0.00000000e+00  0.00000000e+00  1.12201845e+09 -5.08957996e-04 -4.74062039e-04  1.12201845e+09  0.00000000e+00  0.00000000e+00  1.12201845e+09  1.00000000e+00  0.00000000e+00  1.12201845e+09  0.00000000e+00  0.00000000e+00  1.12201845e+09  0.00000000e+00  0.00000000e+00 
 1.25892541e+09  0.00000000e+00  0.00000000e+00  1.25892541e+09 -4.33211364e-04 -3.76837833e-04  1.25892541e+09  0.00000000e+00  0.00000000e+00  1.25892541e+09  1.00000000e+00  0.00000000e+00  1.25892541e+09  0.00000000e+00  0.00000000e+00  1.25892541e+09  0.00000000e+00  0.00000000e+00 
 1.41253754e+09  0.00000000e+00  0.00000000e+00  1.41253754e+09 -3.64352264e-04 -2.96549078e-04  1.41253754e+09  0.00000000e+00  0.00000000e+00  1.41253754e+09  1.00000000e+00  0.00000000e+00  1.41253754e+09  0.00000000e+00  0.00000000e+00  1.41253754e+09  0.00000000e+00  0.00000000e+00 
 1.58489319e+09  0.00000000e+00  0.00000000e+00  1.58489319e+09 -3.02318472e-04 -2.31202571e-04  1.58489319e+09  0.00000000e+00  0.00000000e+00  1.58489319e+09  1.00000000e+00  0.00000000e+00  1.58489319e+09  0.00000000e+00  0.00000000e+00  1.58489319e+09  0.00000000e+00  0.00000000e+00 
 1.77827941e+09  0.00000000e+00  0.00000000e+00  1.77827941e+09 -2.47070257e-04 -1.78795381e-04  1.77827941e+09  0.00000000e+00  0.00000000e+00  1.77827941e+09  1.00000000e+00  0.00000000e+00  1.77827941e+09  0.00000000e+00  0.00000000e+00  1.77827941e+09  0.00000000e+00  0.00000000e+00 
 1.99526231e+09  0.00000000e+00  0.00000000e+00  1.99526231e+09 -1.98488459e-04 -1.37358890e-04  1.99526231e+09  0.00000000e+00  0.00000000e+00  1.99526231e+09  1.00000000e+00  0.00000000e+00  1.99526231e+09  0.00000000e+00  0.00000000e+00  1.99526231e+09  0.00000000e+00  0.00000000e+00 
 2.23872114e+09  0.00000000e+00  0.00000000e+00  2.23872114e+09 -1.56323045e-04 -1.05023345e-04  2.23872114e+09  0.00000000e+00  0.00000000e+00  2.23872114e+09  1.00000000e+00  0.00000000e+00  2.23872114e+09  0.00000000e+00  0.00000000e+00  2.23872114e+09  0.00000000e+00  0.00000000e+00 
 2.51188643e+09  0.00000000e+00  0.00000000e+00  2.51188643e+09 -1.20186460e-04 -8.00796297e-05  2.51188643e+09  0.00000000e+00  0.00000000e+00  2.51188643e+09  1.00000000e+00  0.00000000e+00  2.51188643e+09  0.00000000e+00  0.00000000e+00  2.51188643e+09  0.00000000e+00  0.00000000e+00 
 2.81838293e+09  0.00000000e+00  0.00000000e+00  2.81838293e+09 -8.95780988e-05 -6.10232623e-05  2.81838293e+09  0.00000000e+00  0.00000000e+00  2.81838293e+09  1.00000000e+00  0.00000000e+00  2.81838293e+09  0.00000000e+00  0.00000000e+00  2.81838293e+09  0.00000000e+00  0.00000000e+00 
 3.16227766e+09  0.00000000e+00  0.00000000e+00  3.16227766e+09 -6.39243062e-05 -4.65750485e-05  3.16227766e+09  0.00000000e+00  0.00000000e+00  3.16227766e+09  1.00000000e+00  0.00000000e+00  3.16227766e+09  0.00000000e+00  0.00000000e+00  3.16227766e+09  0.00000000e+00  0.00000000e+00 
 3.54813389e+09  0.00000000e+00  0.00000000e+00  3.54813389e+09 -4.26209483e-05 -3.56801729e-05  3.54813389e+09  0.00000000e+00  0.00000000e+00  3.54813389e+09  1.00000000e+00  0.00000000e+00  3.54813389e+09  0.00000000e+00  0.00000000e+00  3.54813389e+09  0.00000000e+00  0.00000000e+00 
 3.98107171e+09  0.00000000e+00  0.00000000e+00  3.98107171e+09 -2.50702126e-05 -2.74914333e-05  3.98107171e+09  0.00000000e+00  0.00000000e+00  3.98107171e+09  1.00000000e+00  0.00000000e+00  3.98107171e+09  0.00000000e+00  0.00000000e+00  3.98107171e+09  0.00000000e+00  0.00000000e+00 
 4.46683592e+09  0.00000000e+00  0.00000000e+00  4.46683592e+09 -1.07078469e-05 -2.13432583e-05  4.46683592e+09  0.00000000e+00  0.00000000e+00  4.46683592e+09  1.00000000e+00  0.00000000e+00  4.46683592e+09  0.00000000e+00  0.00000000e+00  4.46683592e+09  0.00000000e+00  0.00000000e+00 
 5.01187234e+09  0.00000000e+00  0.00000000e+00  5.01187234e+09  9.79645739e-07 -1.67222147e-05  5.01187234e+09  0.00000000e+00  0.00000000e+00  5.01187234e+09  1.00000000e+00  0.00000000e+00  5.01187234e+09  0.00000000e+00  0.00000000e+00  5.01187234e+09  0.00000000e+00  0.00000000e+00 
 5.62341325e+09  0.00000000e+00  0.00000000e+00  5.62341325e+09  1.04464577e-05 -1.32380333e-05  5.62341325e+09  0.00000000e+00  0.00000000e+00  5.62341325e+09  1.00000000e+00  0.00000000e+00  5.62341325e+09  0.00000000e+00  0.00000000e+00  5.62341325e+09  0.00000000e+00  0.00000000e+00 
 6.30957344e+09  0.00000000e+00  0.00000000e+00  6.30957344e+09  1.80854422e-05 -1.05975134e-05  6.30957344e+09  0.00000000e+00  0.00000000e+00  6.30957344e+09  1.00000000e+00  0.00000000e+00  6.30957344e+09  0.00000000e+00  0.00000000e+00  6.30957344e+09  0.00000000e+00  0.00000000e+00 
 7.07945784e+09  0.00000000e+00  0.00000000e+00  7.07945784e+09  2.42304559e-05 -8.58235737e-06  7.07945784e+09  0.00000000e+00  0.00000000e+00  7.07945784e+09  1.00000000e+00  0.00000000e+00  7.07945784e+09  0.00000000e+00  0.00000000e+00  7.07945784e+09  0.00000000e+00  0.00000000e+00 
 7.94328235e+09  0.00000000e+00  0.00000000e+00  7.94328235e+09  2.91612884e-05 -7.03111580e-06  7.94328235e+09  0.00000000e+00  0.00000000e+00  7.94328235e+09  1.00000000e+00  0.00000000e+00  7.94328235e+09  0.00000000e+00  0.00000000e+00  7.94328235e+09  0.00000000e+00  0.00000000e+00 
 8.91250938e+09  0.00000000e+00  0.00000000e+00  8.91250938e+09  3.31098414e-05 -5.82493057e-06  8.91250938e+09  0.00000000e+00  0.00000000e+00  8.91250938e+09  1.00000000e+00  0.00000000e+00  8.91250938e+09  0.00000000e+00  0.00000000e+00  8.91250938e+09  0.00000000e+00  0.00000000e+00 
 1.00000000e+10  0.00000000e+00  0.00000000e+00  1.00000000e+10  3.62666479e-05 -4.87653703e-06  1.00000000e+10  0.00000000e+00  0.00000000e+00  1.00000000e+10  1.00000000e+00  0.00000000e+00  1.00000000e+10  0.00000000e+00  0.00000000e+00  1.00000000e+10  0.00000000e+00  0.00000000e+00 
