 1.00000000e+00 -2.38440207e+01  1.00000000e+00  3.14153402e+00 
 1.02305973e+00 -2.38440207e+01  1.02305973e+00  3.14153267e+00 
 1.04665121e+00 -2.38440207e+01  1.04665121e+00  3.14153128e+00 
 1.07078670e+00 -2.38440207e+01  1.07078670e+00  3.14152987e+00 
 1.09547876e+00 -2.38440207e+01  1.09547876e+00  3.14152842e+00 
 1.12074020e+00 -2.38440207e+01  1.12074020e+00  3.14152694e+00 
 1.14658417e+00 -2.38440207e+01  1.14658417e+00  3.14152542e+00 
 1.17302409e+00 -2.38440207e+01  1.17302409e+00  3.14152387e+00 
 1.20007371e+00 -2.38440207e+01  1.20007371e+00  3.14152229e+00 
 1.22774708e+00 -2.38440207e+01  1.22774708e+00  3.14152067e+00 
 1.25605860e+00 -2.38440207e+01  1.25605860e+00  3.14151901e+00 
 1.28502297e+00 -2.38440207e+01  1.28502297e+00  3.14151731e+00 
 1.31465525e+00 -2.38440207e+01  1.31465525e+00  3.14151557e+00 
 1.34497085e+00 -2.38440207e+01  1.34497085e+00  3.14151379e+00 
 1.37598551e+00 -2.38440208e+01  1.37598551e+00  3.14151197e+00 
 1.40771537e+00 -2.38440208e+01  1.40771537e+00  3.14151011e+00 
 1.44017690e+00 -2.38440208e+01  1.44017690e+00  3.14150821e+00 
 1.47338699e+00 -2.38440208e+01  1.47338699e+00  3.14150626e+00 
 1.50736290e+00 -2.38440208e+01  1.50736290e+00  3.14150427e+00 
 1.54212228e+00 -2.38440208e+01  1.54212228e+00  3.14150223e+00 
 1.57768320e+00 -2.38440208e+01  1.57768320e+00  3.14150015e+00 
 1.61406415e+00 -2.38440208e+01  1.61406415e+00  3.14149801e+00 
 1.65128404e+00 -2.38440208e+01  1.65128404e+00  3.14149583e+00 
 1.68936220e+00 -2.38440208e+01  1.68936220e+00  3.14149360e+00 
 1.72831844e+00 -2.38440208e+01  1.72831844e+00  3.14149132e+00 
 1.76817299e+00 -2.38440208e+01  1.76817299e+00  3.14148898e+00 
 1.80894658e+00 -2.38440208e+01  1.80894658e+00  3.14148659e+00 
 1.85066040e+00 -2.38440208e+01  1.85066040e+00  3.14148414e+00 
 1.89333613e+00 -2.38440208e+01  1.89333613e+00  3.14148164e+00 
 1.93699595e+00 -2.38440208e+01  1.93699595e+00  3.14147908e+00 
 1.98166255e+00 -2.38440208e+01  1.98166255e+00  3.14147646e+00 
 2.02735916e+00 -2.38440208e+01  2.02735916e+00  3.14147378e+00 
 2.07410951e+00 -2.38440208e+01  2.07410951e+00  3.14147104e+00 
 2.12193792e+00 -2.38440208e+01  2.12193792e+00  3.14146824e+00 
 2.17086923e+00 -2.38440208e+01  2.17086923e+00  3.14146537e+00 
 2.22092889e+00 -2.38440208e+01  2.22092889e+00  3.14146243e+00 
 2.27214291e+00 -2.38440208e+01  2.27214291e+00  3.14145943e+00 
 2.32453791e+00 -2.38440208e+01  2.32453791e+00  3.14145636e+00 
 2.37814113e+00 -2.38440208e+01  2.37814113e+00  3.14145321e+00 
 2.43298042e+00 -2.38440208e+01  2.43298042e+00  3.14145000e+00 
 2.48908429e+00 -2.38440208e+01  2.48908429e+00  3.14144671e+00 
 2.54648190e+00 -2.38440208e+01  2.54648190e+00  3.14144334e+00 
 2.60520309e+00 -2.38440209e+01  2.60520309e+00  3.14143990e+00 
 2.66527837e+00 -2.38440209e+01  2.66527837e+00  3.14143638e+00 
 2.72673897e+00 -2.38440209e+01  2.72673897e+00  3.14143277e+00 
 2.78961683e+00 -2.38440209e+01  2.78961683e+00  3.14142909e+00 
 2.85394464e+00 -2.38440209e+01  2.85394464e+00  3.14142532e+00 
 2.91975583e+00 -2.38440209e+01  2.91975583e+00  3.14142146e+00 
 2.98708461e+00 -2.38440209e+01  2.98708461e+00  3.14141751e+00 
 3.05596598e+00 -2.38440209e+01  3.05596598e+00  3.14141347e+00 
 3.12643573e+00 -2.38440209e+01  3.12643573e+00  3.14140934e+00 
 3.19853049e+00 -2.38440209e+01  3.19853049e+00  3.14140511e+00 
 3.27228774e+00 -2.38440209e+01  3.27228774e+00  3.14140079e+00 
 3.34774581e+00 -2.38440209e+01  3.34774581e+00  3.14139636e+00 
 3.42494392e+00 -2.38440210e+01  3.42494392e+00  3.14139184e+00 
 3.50392221e+00 -2.38440210e+01  3.50392221e+00  3.14138720e+00 
 3.58472171e+00 -2.38440210e+01  3.58472171e+00  3.14138247e+00 
 3.66738442e+00 -2.38440210e+01  3.66738442e+00  3.14137762e+00 
 3.75195331e+00 -2.38440210e+01  3.75195331e+00  3.14137266e+00 
 3.83847234e+00 -2.38440210e+01  3.83847234e+00  3.14136759e+00 
 3.92698648e+00 -2.38440210e+01  3.92698648e+00  3.14136240e+00 
 4.01754173e+00 -2.38440210e+01  4.01754173e+00  3.14135709e+00 
 4.11018515e+00 -2.38440211e+01  4.11018515e+00  3.14135166e+00 
 4.20496491e+00 -2.38440211e+01  4.20496491e+00  3.14134610e+00 
 4.30193027e+00 -2.38440211e+01  4.30193027e+00  3.14134041e+00 
 4.40113162e+00 -2.38440211e+01  4.40113162e+00  3.14133460e+00 
 4.50262052e+00 -2.38440211e+01  4.50262052e+00  3.14132865e+00 
 4.60644974e+00 -2.38440212e+01  4.60644974e+00  3.14132256e+00 
 4.71267322e+00 -2.38440212e+01  4.71267322e+00  3.14131633e+00 
 4.82134619e+00 -2.38440212e+01  4.82134619e+00  3.14130996e+00 
 4.93252513e+00 -2.38440212e+01  4.93252513e+00  3.14130344e+00 
 5.04626783e+00 -2.38440212e+01  5.04626783e+00  3.14129677e+00 
 5.16263340e+00 -2.38440213e+01  5.16263340e+00  3.14128995e+00 
 5.28168234e+00 -2.38440213e+01  5.28168234e+00  3.14128297e+00 
 5.40347650e+00 -2.38440213e+01  5.40347650e+00  3.14127583e+00 
 5.52807921e+00 -2.38440213e+01  5.52807921e+00  3.14126852e+00 
 5.65555523e+00 -2.38440214e+01  5.65555523e+00  3.14126105e+00 
 5.78597080e+00 -2.38440214e+01  5.78597080e+00  3.14125340e+00 
 5.91939372e+00 -2.38440214e+01  5.91939372e+00  3.14124558e+00 
 6.05589334e+00 -2.38440215e+01  6.05589334e+00  3.14123757e+00 
 6.19554061e+00 -2.38440215e+01  6.19554061e+00  3.14122938e+00 
 6.33840810e+00 -2.38440216e+01  6.33840810e+00  3.14122101e+00 
 6.48457008e+00 -2.38440216e+01  6.48457008e+00  3.14121244e+00 
 6.63410251e+00 -2.38440216e+01  6.63410251e+00  3.14120367e+00 
 6.78708313e+00 -2.38440217e+01  6.78708313e+00  3.14119470e+00 
 6.94359143e+00 -2.38440217e+01  6.94359143e+00  3.14118552e+00 
 7.10370877e+00 -2.38440218e+01  7.10370877e+00  3.14117614e+00 
 7.26751838e+00 -2.38440218e+01  7.26751838e+00  3.14116653e+00 
 7.43510539e+00 -2.38440219e+01  7.43510539e+00  3.14115670e+00 
 7.60655691e+00 -2.38440219e+01  7.60655691e+00  3.14114665e+00 
 7.78196206e+00 -2.38440220e+01  7.78196206e+00  3.14113637e+00 
 7.96141200e+00 -2.38440220e+01  7.96141200e+00  3.14112584e+00 
 8.14500001e+00 -2.38440221e+01  8.14500001e+00  3.14111508e+00 
 8.33282151e+00 -2.38440222e+01  8.33282151e+00  3.14110407e+00 
 8.52497412e+00 -2.38440222e+01  8.52497412e+00  3.14109280e+00 
 8.72155772e+00 -2.38440223e+01  8.72155772e+00  3.14108127e+00 
 8.92267449e+00 -2.38440224e+01  8.92267449e+00  3.14106948e+00 
 9.12842895e+00 -2.38440225e+01  9.12842895e+00  3.14105742e+00 
 9.33892805e+00 -2.38440225e+01  9.33892805e+00  3.14104508e+00 
 9.55428121e+00 -2.38440226e+01  9.55428121e+00  3.14103245e+00 
 9.77460036e+00 -2.38440227e+01  9.77460036e+00  3.14101953e+00 
 1.00000000e+01 -2.38440228e+01  1.00000000e+01  3.14100631e+00 
 1.02305973e+01 -2.38440229e+01  1.02305973e+01  3.14099279e+00 
 1.04665121e+01 -2.38440230e+01  1.04665121e+01  3.14097896e+00 
 1.07078670e+01 -2.38440231e+01  1.07078670e+01  3.14096481e+00 
 1.09547876e+01 -2.38440232e+01  1.09547876e+01  3.14095033e+00 
 1.12074020e+01 -2.38440233e+01  1.12074020e+01  3.14093552e+00 
 1.14658417e+01 -2.38440235e+01  1.14658417e+01  3.14092037e+00 
 1.17302409e+01 -2.38440236e+01  1.17302409e+01  3.14090486e+00 
 1.20007371e+01 -2.38440237e+01  1.20007371e+01  3.14088900e+00 
 1.22774708e+01 -2.38440239e+01  1.22774708e+01  3.14087278e+00 
 1.25605860e+01 -2.38440240e+01  1.25605860e+01  3.14085618e+00 
 1.28502297e+01 -2.38440242e+01  1.28502297e+01  3.14083919e+00 
 1.31465525e+01 -2.38440243e+01  1.31465525e+01  3.14082182e+00 
 1.34497085e+01 -2.38440245e+01  1.34497085e+01  3.14080404e+00 
 1.37598551e+01 -2.38440247e+01  1.37598551e+01  3.14078586e+00 
 1.40771537e+01 -2.38440249e+01  1.40771537e+01  3.14076725e+00 
 1.44017690e+01 -2.38440250e+01  1.44017690e+01  3.14074822e+00 
 1.47338699e+01 -2.38440253e+01  1.47338699e+01  3.14072875e+00 
 1.50736290e+01 -2.38440255e+01  1.50736290e+01  3.14070883e+00 
 1.54212228e+01 -2.38440257e+01  1.54212228e+01  3.14068845e+00 
 1.57768320e+01 -2.38440259e+01  1.57768320e+01  3.14066760e+00 
 1.61406415e+01 -2.38440262e+01  1.61406415e+01  3.14064626e+00 
 1.65128404e+01 -2.38440264e+01  1.65128404e+01  3.14062444e+00 
 1.68936220e+01 -2.38440267e+01  1.68936220e+01  3.14060211e+00 
 1.72831844e+01 -2.38440270e+01  1.72831844e+01  3.14057927e+00 
 1.76817299e+01 -2.38440273e+01  1.76817299e+01  3.14055590e+00 
 1.80894658e+01 -2.38440276e+01  1.80894658e+01  3.14053200e+00 
 1.85066040e+01 -2.38440279e+01  1.85066040e+01  3.14050754e+00 
 1.89333613e+01 -2.38440282e+01  1.89333613e+01  3.14048252e+00 
 1.93699595e+01 -2.38440286e+01  1.93699595e+01  3.14045692e+00 
 1.98166255e+01 -2.38440289e+01  1.98166255e+01  3.14043073e+00 
 2.02735916e+01 -2.38440293e+01  2.02735916e+01  3.14040393e+00 
 2.07410951e+01 -2.38440297e+01  2.07410951e+01  3.14037652e+00 
 2.12193792e+01 -2.38440301e+01  2.12193792e+01  3.14034848e+00 
 2.17086923e+01 -2.38440306e+01  2.17086923e+01  3.14031979e+00 
 2.22092889e+01 -2.38440310e+01  2.22092889e+01  3.14029044e+00 
 2.27214291e+01 -2.38440315e+01  2.27214291e+01  3.14026041e+00 
 2.32453791e+01 -2.38440320e+01  2.32453791e+01  3.14022969e+00 
 2.37814113e+01 -2.38440325e+01  2.37814113e+01  3.14019826e+00 
 2.43298042e+01 -2.38440331e+01  2.43298042e+01  3.14016610e+00 
 2.48908429e+01 -2.38440337e+01  2.48908429e+01  3.14013321e+00 
 2.54648190e+01 -2.38440343e+01  2.54648190e+01  3.14009955e+00 
 2.60520309e+01 -2.38440349e+01  2.60520309e+01  3.14006512e+00 
 2.66527837e+01 -2.38440356e+01  2.66527837e+01  3.14002990e+00 
 2.72673897e+01 -2.38440363e+01  2.72673897e+01  3.13999386e+00 
 2.78961683e+01 -2.38440370e+01  2.78961683e+01  3.13995699e+00 
 2.85394464e+01 -2.38440377e+01  2.85394464e+01  3.13991928e+00 
 2.91975583e+01 -2.38440385e+01  2.91975583e+01  3.13988069e+00 
 2.98708461e+01 -2.38440394e+01  2.98708461e+01  3.13984121e+00 
 3.05596598e+01 -2.38440402e+01  3.05596598e+01  3.13980082e+00 
 3.12643573e+01 -2.38440412e+01  3.12643573e+01  3.13975950e+00 
 3.19853049e+01 -2.38440421e+01  3.19853049e+01  3.13971723e+00 
 3.27228774e+01 -2.38440431e+01  3.27228774e+01  3.13967399e+00 
 3.34774581e+01 -2.38440442e+01  3.34774581e+01  3.13962974e+00 
 3.42494392e+01 -2.38440452e+01  3.42494392e+01  3.13958448e+00 
 3.50392221e+01 -2.38440464e+01  3.50392221e+01  3.13953817e+00 
 3.58472171e+01 -2.38440476e+01  3.58472171e+01  3.13949079e+00 
 3.66738442e+01 -2.38440488e+01  3.66738442e+01  3.13944233e+00 
 3.75195331e+01 -2.38440502e+01  3.75195331e+01  3.13939274e+00 
 3.83847234e+01 -2.38440515e+01  3.83847234e+01  3.13934201e+00 
 3.92698648e+01 -2.38440530e+01  3.92698648e+01  3.13929011e+00 
 4.01754173e+01 -2.38440545e+01  4.01754173e+01  3.13923702e+00 
 4.11018515e+01 -2.38440561e+01  4.11018515e+01  3.13918270e+00 
 4.20496491e+01 -2.38440577e+01  4.20496491e+01  3.13912712e+00 
 4.30193027e+01 -2.38440594e+01  4.30193027e+01  3.13907027e+00 
 4.40113162e+01 -2.38440612e+01  4.40113162e+01  3.13901211e+00 
 4.50262052e+01 -2.38440631e+01  4.50262052e+01  3.13895260e+00 
 4.60644974e+01 -2.38440651e+01  4.60644974e+01  3.13889172e+00 
 4.71267322e+01 -2.38440672e+01  4.71267322e+01  3.13882944e+00 
 4.82134619e+01 -2.38440693e+01  4.82134619e+01  3.13876572e+00 
 4.93252513e+01 -2.38440716e+01  4.93252513e+01  3.13870053e+00 
 5.04626783e+01 -2.38440740e+01  5.04626783e+01  3.13863384e+00 
 5.16263340e+01 -2.38440765e+01  5.16263340e+01  3.13856561e+00 
 5.28168234e+01 -2.38440791e+01  5.28168234e+01  3.13849581e+00 
 5.40347650e+01 -2.38440818e+01  5.40347650e+01  3.13842440e+00 
 5.52807921e+01 -2.38440846e+01  5.52807921e+01  3.13835134e+00 
 5.65555523e+01 -2.38440876e+01  5.65555523e+01  3.13827660e+00 
 5.78597080e+01 -2.38440907e+01  5.78597080e+01  3.13820013e+00 
 5.91939372e+01 -2.38440940e+01  5.91939372e+01  3.13812190e+00 
 6.05589334e+01 -2.38440974e+01  6.05589334e+01  3.13804187e+00 
 6.19554061e+01 -2.38441010e+01  6.19554061e+01  3.13795999e+00 
 6.33840810e+01 -2.38441048e+01  6.33840810e+01  3.13787622e+00 
 6.48457008e+01 -2.38441087e+01  6.48457008e+01  3.13779052e+00 
 6.63410251e+01 -2.38441128e+01  6.63410251e+01  3.13770285e+00 
 6.78708313e+01 -2.38441171e+01  6.78708313e+01  3.13761315e+00 
 6.94359143e+01 -2.38441216e+01  6.94359143e+01  3.13752139e+00 
 7.10370877e+01 -2.38441263e+01  7.10370877e+01  3.13742751e+00 
 7.26751838e+01 -2.38441312e+01  7.26751838e+01  3.13733146e+00 
 7.43510539e+01 -2.38441364e+01  7.43510539e+01  3.13723320e+00 
 7.60655691e+01 -2.38441417e+01  7.60655691e+01  3.13713268e+00 
 7.78196206e+01 -2.38441474e+01  7.78196206e+01  3.13702984e+00 
 7.96141200e+01 -2.38441533e+01  7.96141200e+01  3.13692462e+00 
 8.14500001e+01 -2.38441595e+01  8.14500001e+01  3.13681698e+00 
 8.33282151e+01 -2.38441660e+01  8.33282151e+01  3.13670686e+00 
 8.52497412e+01 -2.38441727e+01  8.52497412e+01  3.13659420e+00 
 8.72155772e+01 -2.38441798e+01  8.72155772e+01  3.13647894e+00 
 8.92267449e+01 -2.38441873e+01  8.92267449e+01  3.13636102e+00 
 9.12842895e+01 -2.38441950e+01  9.12842895e+01  3.13624038e+00 
 9.33892805e+01 -2.38442032e+01  9.33892805e+01  3.13611696e+00 
 9.55428121e+01 -2.38442117e+01  9.55428121e+01  3.13599070e+00 
 9.77460036e+01 -2.38442206e+01  9.77460036e+01  3.13586153e+00 
 1.00000000e+02 -2.38442299e+01  1.00000000e+02  3.13572937e+00 
 1.02305973e+02 -2.38442397e+01  1.02305973e+02  3.13559417e+00 
 1.04665121e+02 -2.38442499e+01  1.04665121e+02  3.13545586e+00 
 1.07078670e+02 -2.38442606e+01  1.07078670e+02  3.13531435e+00 
 1.09547876e+02 -2.38442718e+01  1.09547876e+02  3.13516958e+00 
 1.12074020e+02 -2.38442835e+01  1.12074020e+02  3.13502147e+00 
 1.14658417e+02 -2.38442957e+01  1.14658417e+02  3.13486995e+00 
 1.17302409e+02 -2.38443086e+01  1.17302409e+02  3.13471494e+00 
 1.20007371e+02 -2.38443220e+01  1.20007371e+02  3.13455635e+00 
 1.22774708e+02 -2.38443360e+01  1.22774708e+02  3.13439410e+00 
 1.25605860e+02 -2.38443507e+01  1.25605860e+02  3.13422811e+00 
 1.28502297e+02 -2.38443661e+01  1.28502297e+02  3.13405830e+00 
 1.31465525e+02 -2.38443823e+01  1.31465525e+02  3.13388457e+00 
 1.34497085e+02 -2.38443991e+01  1.34497085e+02  3.13370684e+00 
 1.37598551e+02 -2.38444168e+01  1.37598551e+02  3.13352501e+00 
 1.40771537e+02 -2.38444352e+01  1.40771537e+02  3.13333898e+00 
 1.44017690e+02 -2.38444546e+01  1.44017690e+02  3.13314867e+00 
 1.47338699e+02 -2.38444748e+01  1.47338699e+02  3.13295397e+00 
 1.50736290e+02 -2.38444960e+01  1.50736290e+02  3.13275478e+00 
 1.54212228e+02 -2.38445182e+01  1.54212228e+02  3.13255100e+00 
 1.57768320e+02 -2.38445414e+01  1.57768320e+02  3.13234253e+00 
 1.61406415e+02 -2.38445657e+01  1.61406415e+02  3.13212924e+00 
 1.65128404e+02 -2.38445911e+01  1.65128404e+02  3.13191104e+00 
 1.68936220e+02 -2.38446177e+01  1.68936220e+02  3.13168781e+00 
 1.72831844e+02 -2.38446455e+01  1.72831844e+02  3.13145944e+00 
 1.76817299e+02 -2.38446747e+01  1.76817299e+02  3.13122579e+00 
 1.80894658e+02 -2.38447052e+01  1.80894658e+02  3.13098677e+00 
 1.85066040e+02 -2.38447371e+01  1.85066040e+02  3.13074223e+00 
 1.89333613e+02 -2.38447705e+01  1.89333613e+02  3.13049206e+00 
 1.93699595e+02 -2.38448055e+01  1.93699595e+02  3.13023612e+00 
 1.98166255e+02 -2.38448421e+01  1.98166255e+02  3.12997428e+00 
 2.02735916e+02 -2.38448805e+01  2.02735916e+02  3.12970641e+00 
 2.07410951e+02 -2.38449206e+01  2.07410951e+02  3.12943236e+00 
 2.12193792e+02 -2.38449625e+01  2.12193792e+02  3.12915200e+00 
 2.17086923e+02 -2.38450065e+01  2.17086923e+02  3.12886517e+00 
 2.22092889e+02 -2.38450524e+01  2.22092889e+02  3.12857174e+00 
 2.27214291e+02 -2.38451006e+01  2.27214291e+02  3.12827154e+00 
 2.32453791e+02 -2.38451509e+01  2.32453791e+02  3.12796442e+00 
 2.37814113e+02 -2.38452037e+01  2.37814113e+02  3.12765023e+00 
 2.43298042e+02 -2.38452588e+01  2.43298042e+02  3.12732879e+00 
 2.48908429e+02 -2.38453166e+01  2.48908429e+02  3.12699995e+00 
 2.54648190e+02 -2.38453770e+01  2.54648190e+02  3.12666353e+00 
 2.60520309e+02 -2.38454403e+01  2.60520309e+02  3.12631936e+00 
 2.66527837e+02 -2.38455065e+01  2.66527837e+02  3.12596726e+00 
 2.72673897e+02 -2.38455758e+01  2.72673897e+02  3.12560705e+00 
 2.78961683e+02 -2.38456483e+01  2.78961683e+02  3.12523854e+00 
 2.85394464e+02 -2.38457243e+01  2.85394464e+02  3.12486154e+00 
 2.91975583e+02 -2.38458037e+01  2.91975583e+02  3.12447585e+00 
 2.98708461e+02 -2.38458869e+01  2.98708461e+02  3.12408128e+00 
 3.05596598e+02 -2.38459739e+01  3.05596598e+02  3.12367762e+00 
 3.12643573e+02 -2.38460650e+01  3.12643573e+02  3.12326466e+00 
 3.19853049e+02 -2.38461603e+01  3.19853049e+02  3.12284219e+00 
 3.27228774e+02 -2.38462601e+01  3.27228774e+02  3.12240999e+00 
 3.34774581e+02 -2.38463646e+01  3.34774581e+02  3.12196784e+00 
 3.42494392e+02 -2.38464739e+01  3.42494392e+02  3.12151550e+00 
 3.50392221e+02 -2.38465883e+01  3.50392221e+02  3.12105275e+00 
 3.58472171e+02 -2.38467080e+01  3.58472171e+02  3.12057934e+00 
 3.66738442e+02 -2.38468334e+01  3.66738442e+02  3.12009503e+00 
 3.75195331e+02 -2.38469645e+01  3.75195331e+02  3.11959958e+00 
 3.83847234e+02 -2.38471018e+01  3.83847234e+02  3.11909271e+00 
 3.92698648e+02 -2.38472455e+01  3.92698648e+02  3.11857418e+00 
 4.01754173e+02 -2.38473959e+01  4.01754173e+02  3.11804372e+00 
 4.11018515e+02 -2.38475533e+01  4.11018515e+02  3.11750104e+00 
 4.20496491e+02 -2.38477180e+01  4.20496491e+02  3.11694588e+00 
 4.30193027e+02 -2.38478904e+01  4.30193027e+02  3.11637794e+00 
 4.40113162e+02 -2.38480708e+01  4.40113162e+02  3.11579694e+00 
 4.50262052e+02 -2.38482597e+01  4.50262052e+02  3.11520257e+00 
 4.60644974e+02 -2.38484573e+01  4.60644974e+02  3.11459452e+00 
 4.71267322e+02 -2.38486642e+01  4.71267322e+02  3.11397249e+00 
 4.82134619e+02 -2.38488807e+01  4.82134619e+02  3.11333616e+00 
 4.93252513e+02 -2.38491072e+01  4.93252513e+02  3.11268519e+00 
 5.04626783e+02 -2.38493444e+01  5.04626783e+02  3.11201925e+00 
 5.16263340e+02 -2.38495926e+01  5.16263340e+02  3.11133800e+00 
 5.28168234e+02 -2.38498523e+01  5.28168234e+02  3.11064110e+00 
 5.40347650e+02 -2.38501242e+01  5.40347650e+02  3.10992818e+00 
 5.52807921e+02 -2.38504087e+01  5.52807921e+02  3.10919887e+00 
 5.65555523e+02 -2.38507064e+01  5.65555523e+02  3.10845281e+00 
 5.78597080e+02 -2.38510181e+01  5.78597080e+02  3.10768961e+00 
 5.91939372e+02 -2.38513442e+01  5.91939372e+02  3.10690889e+00 
 6.05589334e+02 -2.38516856e+01  6.05589334e+02  3.10611023e+00 
 6.19554061e+02 -2.38520428e+01  6.19554061e+02  3.10529324e+00 
 6.33840810e+02 -2.38524166e+01  6.33840810e+02  3.10445750e+00 
 6.48457008e+02 -2.38528079e+01  6.48457008e+02  3.10360257e+00 
 6.63410251e+02 -2.38532174e+01  6.63410251e+02  3.10272804e+00 
 6.78708313e+02 -2.38536459e+01  6.78708313e+02  3.10183344e+00 
 6.94359143e+02 -2.38540944e+01  6.94359143e+02  3.10091832e+00 
 7.10370877e+02 -2.38545637e+01  7.10370877e+02  3.09998223e+00 
 7.26751838e+02 -2.38550549e+01  7.26751838e+02  3.09902468e+00 
 7.43510539e+02 -2.38555690e+01  7.43510539e+02  3.09804518e+00 
 7.60655691e+02 -2.38561069e+01  7.60655691e+02  3.09704325e+00 
 7.78196206e+02 -2.38566699e+01  7.78196206e+02  3.09601838e+00 
 7.96141200e+02 -2.38572590e+01  7.96141200e+02  3.09497004e+00 
 8.14500001e+02 -2.38578756e+01  8.14500001e+02  3.09389771e+00 
 8.33282151e+02 -2.38585208e+01  8.33282151e+02  3.09280085e+00 
 8.52497412e+02 -2.38591960e+01  8.52497412e+02  3.09167891e+00 
 8.72155772e+02 -2.38599025e+01  8.72155772e+02  3.09053132e+00 
 8.92267449e+02 -2.38606419e+01  8.92267449e+02  3.08935751e+00 
 9.12842895e+02 -2.38614157e+01  9.12842895e+02  3.08815689e+00 
 9.33892805e+02 -2.38622254e+01  9.33892805e+02  3.08692885e+00 
 9.55428121e+02 -2.38630727e+01  9.55428121e+02  3.08567280e+00 
 9.77460036e+02 -2.38639593e+01  9.77460036e+02  3.08438809e+00 
 1.00000000e+03 -2.38648872e+01  1.00000000e+03  3.08307410e+00 
 1.02305973e+03 -2.38658580e+01  1.02305973e+03  3.08173017e+00 
 1.04665121e+03 -2.38668739e+01  1.04665121e+03  3.08035563e+00 
 1.07078670e+03 -2.38679369e+01  1.07078670e+03  3.07894981e+00 
 1.09547876e+03 -2.38690493e+01  1.09547876e+03  3.07751202e+00 
 1.12074020e+03 -2.38702132e+01  1.12074020e+03  3.07604155e+00 
 1.14658417e+03 -2.38714310e+01  1.14658417e+03  3.07453768e+00 
 1.17302409e+03 -2.38727053e+01  1.17302409e+03  3.07299967e+00 
 1.20007371e+03 -2.38740386e+01  1.20007371e+03  3.07142677e+00 
 1.22774708e+03 -2.38754336e+01  1.22774708e+03  3.06981823e+00 
 1.25605860e+03 -2.38768932e+01  1.25605860e+03  3.06817326e+00 
 1.28502297e+03 -2.38784203e+01  1.28502297e+03  3.06649108e+00 
 1.31465525e+03 -2.38800181e+01  1.31465525e+03  3.06477086e+00 
 1.34497085e+03 -2.38816897e+01  1.34497085e+03  3.06301179e+00 
 1.37598551e+03 -2.38834386e+01  1.37598551e+03  3.06121303e+00 
 1.40771537e+03 -2.38852683e+01  1.40771537e+03  3.05937372e+00 
 1.44017690e+03 -2.38871825e+01  1.44017690e+03  3.05749300e+00 
 1.47338699e+03 -2.38891850e+01  1.47338699e+03  3.05556998e+00 
 1.50736290e+03 -2.38912799e+01  1.50736290e+03  3.05360376e+00 
 1.54212228e+03 -2.38934713e+01  1.54212228e+03  3.05159342e+00 
 1.57768320e+03 -2.38957638e+01  1.57768320e+03  3.04953803e+00 
 1.61406415e+03 -2.38981618e+01  1.61406415e+03  3.04743665e+00 
 1.65128404e+03 -2.39006702e+01  1.65128404e+03  3.04528830e+00 
 1.68936220e+03 -2.39032940e+01  1.68936220e+03  3.04309201e+00 
 1.72831844e+03 -2.39060383e+01  1.72831844e+03  3.04084679e+00 
 1.76817299e+03 -2.39089088e+01  1.76817299e+03  3.03855163e+00 
 1.80894658e+03 -2.39119110e+01  1.80894658e+03  3.03620549e+00 
 1.85066040e+03 -2.39150509e+01  1.85066040e+03  3.03380735e+00 
 1.89333613e+03 -2.39183347e+01  1.89333613e+03  3.03135615e+00 
 1.93699595e+03 -2.39217689e+01  1.93699595e+03  3.02885081e+00 
 1.98166255e+03 -2.39253602e+01  1.98166255e+03  3.02629026e+00 
 2.02735916e+03 -2.39291157e+01  2.02735916e+03  3.02367340e+00 
 2.07410951e+03 -2.39330428e+01  2.07410951e+03  3.02099912e+00 
 2.12193792e+03 -2.39371489e+01  2.12193792e+03  3.01826629e+00 
 2.17086923e+03 -2.39414423e+01  2.17086923e+03  3.01547378e+00 
 2.22092889e+03 -2.39459311e+01  2.22092889e+03  3.01262044e+00 
 2.27214291e+03 -2.39506241e+01  2.27214291e+03  3.00970512e+00 
 2.32453791e+03 -2.39555303e+01  2.32453791e+03  3.00672664e+00 
 2.37814113e+03 -2.39606591e+01  2.37814113e+03  3.00368383e+00 
 2.43298042e+03 -2.39660203e+01  2.43298042e+03  3.00057549e+00 
 2.48908429e+03 -2.39716241e+01  2.48908429e+03  2.99740045e+00 
 2.54648190e+03 -2.39774811e+01  2.54648190e+03  2.99415748e+00 
 2.60520309e+03 -2.39836024e+01  2.60520309e+03  2.99084540e+00 
 2.66527837e+03 -2.39899995e+01  2.66527837e+03  2.98746298e+00 
 2.72673897e+03 -2.39966843e+01  2.72673897e+03  2.98400901e+00 
 2.78961683e+03 -2.40036694e+01  2.78961683e+03  2.98048228e+00 
 2.85394464e+03 -2.40109675e+01  2.85394464e+03  2.97688157e+00 
 2.91975583e+03 -2.40185923e+01  2.91975583e+03  2.97320567e+00 
 2.98708461e+03 -2.40265575e+01  2.98708461e+03  2.96945337e+00 
 3.05596598e+03 -2.40348778e+01  3.05596598e+03  2.96562346e+00 
 3.12643573e+03 -2.40435682e+01  3.12643573e+03  2.96171476e+00 
 3.19853049e+03 -2.40526443e+01  3.19853049e+03  2.95772606e+00 
 3.27228774e+03 -2.40621223e+01  3.27228774e+03  2.95365621e+00 
 3.34774581e+03 -2.40720190e+01  3.34774581e+03  2.94950404e+00 
 3.42494392e+03 -2.40823519e+01  3.42494392e+03  2.94526842e+00 
 3.50392221e+03 -2.40931389e+01  3.50392221e+03  2.94094821e+00 
 3.58472171e+03 -2.41043988e+01  3.58472171e+03  2.93654234e+00 
 3.66738442e+03 -2.41161509e+01  3.66738442e+03  2.93204973e+00 
 3.75195331e+03 -2.41284152e+01  3.75195331e+03  2.92746934e+00 
 3.83847234e+03 -2.41412123e+01  3.83847234e+03  2.92280017e+00 
 3.92698648e+03 -2.41545637e+01  3.92698648e+03  2.91804125e+00 
 4.01754173e+03 -2.41684915e+01  4.01754173e+03  2.91319167e+00 
 4.11018515e+03 -2.41830183e+01  4.11018515e+03  2.90825054e+00 
 4.20496491e+03 -2.41981677e+01  4.20496491e+03  2.90321705e+00 
 4.30193027e+03 -2.42139640e+01  4.30193027e+03  2.89809041e+00 
 4.40113162e+03 -2.42304320e+01  4.40113162e+03  2.89286993e+00 
 4.50262052e+03 -2.42475974e+01  4.50262052e+03  2.88755496e+00 
 4.60644974e+03 -2.42654867e+01  4.60644974e+03  2.88214492e+00 
 4.71267322e+03 -2.42841269e+01  4.71267322e+03  2.87663933e+00 
 4.82134619e+03 -2.43035460e+01  4.82134619e+03  2.87103776e+00 
 4.93252513e+03 -2.43237725e+01  4.93252513e+03  2.86533988e+00 
 5.04626783e+03 -2.43448357e+01  5.04626783e+03  2.85954548e+00 
 5.16263340e+03 -2.43667657e+01  5.16263340e+03  2.85365441e+00 
 5.28168234e+03 -2.43895930e+01  5.28168234e+03  2.84766664e+00 
 5.40347650e+03 -2.44133491e+01  5.40347650e+03  2.84158227e+00 
 5.52807921e+03 -2.44380660e+01  5.52807921e+03  2.83540149e+00 
 5.65555523e+03 -2.44637762e+01  5.65555523e+03  2.82912465e+00 
 5.78597080e+03 -2.44905131e+01  5.78597080e+03  2.82275220e+00 
 5.91939372e+03 -2.45183103e+01  5.91939372e+03  2.81628475e+00 
 6.05589334e+03 -2.45472024e+01  6.05589334e+03  2.80972305e+00 
 6.19554061e+03 -2.45772239e+01  6.19554061e+03  2.80306800e+00 
 6.33840810e+03 -2.46084102e+01  6.33840810e+03  2.79632067e+00 
 6.48457008e+03 -2.46407970e+01  6.48457008e+03  2.78948228e+00 
 6.63410251e+03 -2.46744202e+01  6.63410251e+03  2.78255425e+00 
 6.78708313e+03 -2.47093160e+01  6.78708313e+03  2.77553814e+00 
 6.94359143e+03 -2.47455210e+01  6.94359143e+03  2.76843574e+00 
 7.10370877e+03 -2.47830718e+01  7.10370877e+03  2.76124900e+00 
 7.26751838e+03 -2.48220051e+01  7.26751838e+03  2.75398007e+00 
 7.43510539e+03 -2.48623575e+01  7.43510539e+03  2.74663132e+00 
 7.60655691e+03 -2.49041657e+01  7.60655691e+03  2.73920532e+00 
 7.78196206e+03 -2.49474661e+01  7.78196206e+03  2.73170484e+00 
 7.96141200e+03 -2.49922948e+01  7.96141200e+03  2.72413288e+00 
 8.14500001e+03 -2.50386877e+01  8.14500001e+03  2.71649265e+00 
 8.33282151e+03 -2.50866801e+01  8.33282151e+03  2.70878759e+00 
 8.52497412e+03 -2.51363066e+01  8.52497412e+03  2.70102136e+00 
 8.72155772e+03 -2.51876015e+01  8.72155772e+03  2.69319784e+00 
 8.92267449e+03 -2.52405979e+01  8.92267449e+03  2.68532114e+00 
 9.12842895e+03 -2.52953283e+01  9.12842895e+03  2.67739560e+00 
 9.33892805e+03 -2.53518240e+01  9.33892805e+03  2.66942578e+00 
 9.55428121e+03 -2.54101152e+01  9.55428121e+03  2.66141646e+00 
 9.77460036e+03 -2.54702310e+01  9.77460036e+03  2.65337264e+00 
 1.00000000e+04 -2.55321989e+01  1.00000000e+04  2.64529954e+00 
 1.02305973e+04 -2.55960451e+01  1.02305973e+04  2.63720260e+00 
 1.04665121e+04 -2.56617940e+01  1.04665121e+04  2.62908745e+00 
 1.07078670e+04 -2.57294686e+01  1.07078670e+04  2.62095992e+00 
 1.09547876e+04 -2.57990897e+01  1.09547876e+04  2.61282604e+00 
 1.12074020e+04 -2.58706763e+01  1.12074020e+04  2.60469202e+00 
 1.14658417e+04 -2.59442456e+01  1.14658417e+04  2.59656423e+00 
 1.17302409e+04 -2.60198122e+01  1.17302409e+04  2.58844923e+00 
 1.20007371e+04 -2.60973890e+01  1.20007371e+04  2.58035371e+00 
 1.22774708e+04 -2.61769860e+01  1.22774708e+04  2.57228451e+00 
 1.25605860e+04 -2.62586113e+01  1.25605860e+04  2.56424858e+00 
 1.28502297e+04 -2.63422702e+01  1.28502297e+04  2.55625300e+00 
 1.31465525e+04 -2.64279655e+01  1.31465525e+04  2.54830495e+00 
 1.34497085e+04 -2.65156975e+01  1.34497085e+04  2.54041169e+00 
 1.37598551e+04 -2.66054638e+01  1.37598551e+04  2.53258055e+00 
 1.40771537e+04 -2.66972592e+01  1.40771537e+04  2.52481889e+00 
 1.44017690e+04 -2.67910759e+01  1.44017690e+04  2.51713416e+00 
 1.47338699e+04 -2.68869033e+01  1.47338699e+04  2.50953377e+00 
 1.50736290e+04 -2.69847279e+01  1.50736290e+04  2.50202519e+00 
 1.54212228e+04 -2.70845337e+01  1.54212228e+04  2.49461584e+00 
 1.57768320e+04 -2.71863016e+01  1.57768320e+04  2.48731313e+00 
 1.61406415e+04 -2.72900101e+01  1.61406415e+04  2.48012442e+00 
 1.65128404e+04 -2.73956346e+01  1.65128404e+04  2.47305702e+00 
 1.68936220e+04 -2.75031481e+01  1.68936220e+04  2.46611816e+00 
 1.72831844e+04 -2.76125208e+01  1.72831844e+04  2.45931498e+00 
 1.76817299e+04 -2.77237202e+01  1.76817299e+04  2.45265451e+00 
 1.80894658e+04 -2.78367115e+01  1.80894658e+04  2.44614368e+00 
 1.85066040e+04 -2.79514572e+01  1.85066040e+04  2.43978925e+00 
 1.89333613e+04 -2.80679174e+01  1.89333613e+04  2.43359789e+00 
 1.93699595e+04 -2.81860499e+01  1.93699595e+04  2.42757605e+00 
 1.98166255e+04 -2.83058103e+01  1.98166255e+04  2.42173007e+00 
 2.02735916e+04 -2.84271518e+01  2.02735916e+04  2.41606608e+00 
 2.07410951e+04 -2.85500256e+01  2.07410951e+04  2.41059001e+00 
 2.12193792e+04 -2.86743810e+01  2.12193792e+04  2.40530762e+00 
 2.17086923e+04 -2.88001653e+01  2.17086923e+04  2.40022444e+00 
 2.22092889e+04 -2.89273238e+01  2.22092889e+04  2.39534580e+00 
 2.27214291e+04 -2.90558003e+01  2.27214291e+04  2.39067680e+00 
 2.32453791e+04 -2.91855370e+01  2.32453791e+04  2.38622231e+00 
 2.37814113e+04 -2.93164743e+01  2.37814113e+04  2.38198697e+00 
 2.43298042e+04 -2.94485514e+01  2.43298042e+04  2.37797518e+00 
 2.48908429e+04 -2.95817060e+01  2.48908429e+04  2.37419111e+00 
 2.54648190e+04 -2.97158747e+01  2.54648190e+04  2.37063865e+00 
 2.60520309e+04 -2.98509927e+01  2.60520309e+04  2.36732147e+00 
 2.66527837e+04 -2.99869945e+01  2.66527837e+04  2.36424297e+00 
 2.72673897e+04 -3.01238132e+01  2.72673897e+04  2.36140632e+00 
 2.78961683e+04 -3.02613813e+01  2.78961683e+04  2.35881440e+00 
 2.85394464e+04 -3.03996305e+01  2.85394464e+04  2.35646984e+00 
 2.91975583e+04 -3.05384915e+01  2.91975583e+04  2.35437503e+00 
 2.98708461e+04 -3.06778947e+01  2.98708461e+04  2.35253208e+00 
 3.05596598e+04 -3.08177697e+01  3.05596598e+04  2.35094285e+00 
 3.12643573e+04 -3.09580458e+01  3.12643573e+04  2.34960892e+00 
 3.19853049e+04 -3.10986517e+01  3.19853049e+04  2.34853163e+00 
 3.27228774e+04 -3.12395159e+01  3.27228774e+04  2.34771204e+00 
 3.34774581e+04 -3.13805665e+01  3.34774581e+04  2.34715095e+00 
 3.42494392e+04 -3.15217318e+01  3.42494392e+04  2.34684891e+00 
 3.50392221e+04 -3.16629394e+01  3.50392221e+04  2.34680618e+00 
 3.58472171e+04 -3.18041174e+01  3.58472171e+04  2.34702279e+00 
 3.66738442e+04 -3.19451936e+01  3.66738442e+04  2.34749848e+00 
 3.75195331e+04 -3.20860960e+01  3.75195331e+04  2.34823274e+00 
 3.83847234e+04 -3.22267527e+01  3.83847234e+04  2.34922479e+00 
 3.92698648e+04 -3.23670923e+01  3.92698648e+04  2.35047359e+00 
 4.01754173e+04 -3.25070434e+01  4.01754173e+04  2.35197784e+00 
 4.11018515e+04 -3.26465351e+01  4.11018515e+04  2.35373597e+00 
 4.20496491e+04 -3.27854971e+01  4.20496491e+04  2.35574616e+00 
 4.30193027e+04 -3.29238595e+01  4.30193027e+04  2.35800631e+00 
 4.40113162e+04 -3.30615530e+01  4.40113162e+04  2.36051407e+00 
 4.50262052e+04 -3.31985092e+01  4.50262052e+04  2.36326683e+00 
 4.60644974e+04 -3.33346603e+01  4.60644974e+04  2.36626172e+00 
 4.71267322e+04 -3.34699395e+01  4.71267322e+04  2.36949561e+00 
 4.82134619e+04 -3.36042808e+01  4.82134619e+04  2.37296511e+00 
 4.93252513e+04 -3.37376194e+01  4.93252513e+04  2.37666660e+00 
 5.04626783e+04 -3.38698916e+01  5.04626783e+04  2.38059619e+00 
 5.16263340e+04 -3.40010349e+01  5.16263340e+04  2.38474973e+00 
 5.28168234e+04 -3.41309883e+01  5.28168234e+04  2.38912284e+00 
 5.40347650e+04 -3.42596919e+01  5.40347650e+04  2.39371092e+00 
 5.52807921e+04 -3.43870877e+01  5.52807921e+04  2.39850909e+00 
 5.65555523e+04 -3.45131191e+01  5.65555523e+04  2.40351228e+00 
 5.78597080e+04 -3.46377311e+01  5.78597080e+04  2.40871519e+00 
 5.91939372e+04 -3.47608708e+01  5.91939372e+04  2.41411228e+00 
 6.05589334e+04 -3.48824870e+01  6.05589334e+04  2.41969782e+00 
 6.19554061e+04 -3.50025305e+01  6.19554061e+04  2.42546588e+00 
 6.33840810e+04 -3.51209544e+01  6.33840810e+04  2.43141033e+00 
 6.48457008e+04 -3.52377136e+01  6.48457008e+04  2.43752486e+00 
 6.63410251e+04 -3.53527657e+01  6.63410251e+04  2.44380301e+00 
 6.78708313e+04 -3.54660703e+01  6.78708313e+04  2.45023812e+00 
 6.94359143e+04 -3.55775895e+01  6.94359143e+04  2.45682342e+00 
 7.10370877e+04 -3.56872879e+01  7.10370877e+04  2.46355199e+00 
 7.26751838e+04 -3.57951327e+01  7.26751838e+04  2.47041678e+00 
 7.43510539e+04 -3.59010937e+01  7.43510539e+04  2.47741064e+00 
 7.60655691e+04 -3.60051433e+01  7.60655691e+04  2.48452633e+00 
 7.78196206e+04 -3.61072565e+01  7.78196206e+04  2.49175654e+00 
 7.96141200e+04 -3.62074113e+01  7.96141200e+04  2.49909388e+00 
 8.14500001e+04 -3.63055881e+01  8.14500001e+04  2.50653093e+00 
 8.33282151e+04 -3.64017703e+01  8.33282151e+04  2.51406021e+00 
 8.52497412e+04 -3.64959442e+01  8.52497412e+04  2.52167427e+00 
 8.72155772e+04 -3.65880984e+01  8.72155772e+04  2.52936563e+00 
 8.92267449e+04 -3.66782248e+01  8.92267449e+04  2.53712684e+00 
 9.12842895e+04 -3.67663177e+01  9.12842895e+04  2.54495047e+00 
 9.33892805e+04 -3.68523743e+01  9.33892805e+04  2.55282916e+00 
 9.55428121e+04 -3.69363942e+01  9.55428121e+04  2.56075560e+00 
 9.77460036e+04 -3.70183799e+01  9.77460036e+04  2.56872258e+00 
 1.00000000e+05 -3.70983364e+01  1.00000000e+05  2.57672296e+00 
 1.02305973e+05 -3.71762710e+01  1.02305973e+05  2.58474973e+00 
 1.04665121e+05 -3.72521938e+01  1.04665121e+05  2.59279600e+00 
 1.07078670e+05 -3.73261168e+01  1.07078670e+05  2.60085501e+00 
 1.09547876e+05 -3.73980545e+01  1.09547876e+05  2.60892016e+00 
 1.12074020e+05 -3.74680236e+01  1.12074020e+05  2.61698499e+00 
 1.14658417e+05 -3.75360428e+01  1.14658417e+05  2.62504323e+00 
 1.17302409e+05 -3.76021327e+01  1.17302409e+05  2.63308879e+00 
 1.20007371e+05 -3.76663158e+01  1.20007371e+05  2.64111576e+00 
 1.22774708e+05 -3.77286163e+01  1.22774708e+05  2.64911843e+00 
 1.25605860e+05 -3.77890601e+01  1.25605860e+05  2.65709129e+00 
 1.28502297e+05 -3.78476745e+01  1.28502297e+05  2.66502905e+00 
 1.31465525e+05 -3.79044884e+01  1.31465525e+05  2.67292663e+00 
 1.34497085e+05 -3.79595316e+01  1.34497085e+05  2.68077917e+00 
 1.37598551e+05 -3.80128355e+01  1.37598551e+05  2.68858201e+00 
 1.40771537e+05 -3.80644322e+01  1.40771537e+05  2.69633075e+00 
 1.44017690e+05 -3.81143548e+01  1.44017690e+05  2.70402118e+00 
 1.47338699e+05 -3.81626373e+01  1.47338699e+05  2.71164934e+00 
 1.50736290e+05 -3.82093144e+01  1.50736290e+05  2.71921149e+00 
 1.54212228e+05 -3.82544213e+01  1.54212228e+05  2.72670411e+00 
 1.57768320e+05 -3.82979937e+01  1.57768320e+05  2.73412388e+00 
 1.61406415e+05 -3.83400678e+01  1.61406415e+05  2.74146774e+00 
 1.65128404e+05 -3.83806799e+01  1.65128404e+05  2.74873281e+00 
 1.68936220e+05 -3.84198666e+01  1.68936220e+05  2.75591644e+00 
 1.72831844e+05 -3.84576646e+01  1.72831844e+05  2.76301618e+00 
 1.76817299e+05 -3.84941106e+01  1.76817299e+05  2.77002979e+00 
 1.80894658e+05 -3.85292413e+01  1.80894658e+05  2.77695521e+00 
 1.85066040e+05 -3.85630932e+01  1.85066040e+05  2.78379060e+00 
 1.89333613e+05 -3.85957026e+01  1.89333613e+05  2.79053428e+00 
 1.93699595e+05 -3.86271056e+01  1.93699595e+05  2.79718475e+00 
 1.98166255e+05 -3.86573379e+01  1.98166255e+05  2.80374071e+00 
 2.02735916e+05 -3.86864348e+01  2.02735916e+05  2.81020099e+00 
 2.07410951e+05 -3.87144313e+01  2.07410951e+05  2.81656460e+00 
 2.12193792e+05 -3.87413617e+01  2.12193792e+05  2.82283071e+00 
 2.17086923e+05 -3.87672600e+01  2.17086923e+05  2.82899862e+00 
 2.22092889e+05 -3.87921596e+01  2.22092889e+05  2.83506778e+00 
 2.27214291e+05 -3.88160931e+01  2.27214291e+05  2.84103776e+00 
 2.32453791e+05 -3.88390927e+01  2.32453791e+05  2.84690828e+00 
 2.37814113e+05 -3.88611899e+01  2.37814113e+05  2.85267915e+00 
 2.43298042e+05 -3.88824156e+01  2.43298042e+05  2.85835030e+00 
 2.48908429e+05 -3.89027998e+01  2.48908429e+05  2.86392179e+00 
 2.54648190e+05 -3.89223721e+01  2.54648190e+05  2.86939375e+00 
 2.60520309e+05 -3.89411612e+01  2.60520309e+05  2.87476642e+00 
 2.66527837e+05 -3.89591950e+01  2.66527837e+05  2.88004012e+00 
 2.72673897e+05 -3.89765010e+01  2.72673897e+05  2.88521524e+00 
 2.78961683e+05 -3.89931055e+01  2.78961683e+05  2.89029228e+00 
 2.85394464e+05 -3.90090346e+01  2.85394464e+05  2.89527177e+00 
 2.91975583e+05 -3.90243132e+01  2.91975583e+05  2.90015433e+00 
 2.98708461e+05 -3.90389658e+01  2.98708461e+05  2.90494064e+00 
 3.05596598e+05 -3.90530160e+01  3.05596598e+05  2.90963142e+00 
 3.12643573e+05 -3.90664868e+01  3.12643573e+05  2.91422744e+00 
 3.19853049e+05 -3.90794004e+01  3.19853049e+05  2.91872953e+00 
 3.27228774e+05 -3.90917783e+01  3.27228774e+05  2.92313855e+00 
 3.34774581e+05 -3.91036415e+01  3.34774581e+05  2.92745540e+00 
 3.42494392e+05 -3.91150099e+01  3.42494392e+05  2.93168102e+00 
 3.50392221e+05 -3.91259033e+01  3.50392221e+05  2.93581636e+00 
 3.58472171e+05 -3.91363403e+01  3.58472171e+05  2.93986241e+00 
 3.66738442e+05 -3.91463393e+01  3.66738442e+05  2.94382018e+00 
 3.75195331e+05 -3.91559177e+01  3.75195331e+05  2.94769071e+00 
 3.83847234e+05 -3.91650927e+01  3.83847234e+05  2.95147502e+00 
 3.92698648e+05 -3.91738804e+01  3.92698648e+05  2.95517418e+00 
 4.01754173e+05 -3.91822968e+01  4.01754173e+05  2.95878927e+00 
 4.11018515e+05 -3.91903570e+01  4.11018515e+05  2.96232134e+00 
 4.20496491e+05 -3.91980757e+01  4.20496491e+05  2.96577149e+00 
 4.30193027e+05 -3.92054670e+01  4.30193027e+05  2.96914080e+00 
 4.40113162e+05 -3.92125446e+01  4.40113162e+05  2.97243036e+00 
 4.50262052e+05 -3.92193215e+01  4.50262052e+05  2.97564124e+00 
 4.60644974e+05 -3.92258104e+01  4.60644974e+05  2.97877454e+00 
 4.71267322e+05 -3.92320233e+01  4.71267322e+05  2.98183133e+00 
 4.82134619e+05 -3.92379720e+01  4.82134619e+05  2.98481269e+00 
 4.93252513e+05 -3.92436677e+01  4.93252513e+05  2.98771967e+00 
 5.04626783e+05 -3.92491212e+01  5.04626783e+05  2.99055335e+00 
 5.16263340e+05 -3.92543429e+01  5.16263340e+05  2.99331475e+00 
 5.28168234e+05 -3.92593427e+01  5.28168234e+05  2.99600494e+00 
 5.40347650e+05 -3.92641303e+01  5.40347650e+05  2.99862491e+00 
 5.52807921e+05 -3.92687148e+01  5.52807921e+05  3.00117570e+00 
 5.65555523e+05 -3.92731051e+01  5.65555523e+05  3.00365830e+00 
 5.78597080e+05 -3.92773098e+01  5.78597080e+05  3.00607368e+00 
 5.91939372e+05 -3.92813370e+01  5.91939372e+05  3.00842283e+00 
 6.05589334e+05 -3.92851946e+01  6.05589334e+05  3.01070668e+00 
 6.19554061e+05 -3.92888901e+01  6.19554061e+05  3.01292618e+00 
 6.33840810e+05 -3.92924308e+01  6.33840810e+05  3.01508225e+00 
 6.48457008e+05 -3.92958236e+01  6.48457008e+05  3.01717577e+00 
 6.63410251e+05 -3.92990753e+01  6.63410251e+05  3.01920765e+00 
 6.78708313e+05 -3.93021922e+01  6.78708313e+05  3.02117873e+00 
 6.94359143e+05 -3.93051806e+01  6.94359143e+05  3.02308986e+00 
 7.10370877e+05 -3.93080463e+01  7.10370877e+05  3.02494187e+00 
 7.26751838e+05 -3.93107951e+01  7.26751838e+05  3.02673556e+00 
 7.43510539e+05 -3.93134325e+01  7.43510539e+05  3.02847172e+00 
 7.60655691e+05 -3.93159638e+01  7.60655691e+05  3.03015112e+00 
 7.78196206e+05 -3.93183939e+01  7.78196206e+05  3.03177448e+00 
 7.96141200e+05 -3.93207279e+01  7.96141200e+05  3.03334255e+00 
 8.14500001e+05 -3.93229703e+01  8.14500001e+05  3.03485602e+00 
 8.33282151e+05 -3.93251257e+01  8.33282151e+05  3.03631558e+00 
 8.52497412e+05 -3.93271984e+01  8.52497412e+05  3.03772188e+00 
 8.72155772e+05 -3.93291927e+01  8.72155772e+05  3.03907557e+00 
 8.92267449e+05 -3.93311125e+01  8.92267449e+05  3.04037726e+00 
 9.12842895e+05 -3.93329618e+01  9.12842895e+05  3.04162756e+00 
 9.33892805e+05 -3.93347442e+01  9.33892805e+05  3.04282704e+00 
 9.55428121e+05 -3.93364634e+01  9.55428121e+05  3.04397626e+00 
 9.77460036e+05 -3.93381230e+01  9.77460036e+05  3.04507574e+00 
 1.00000000e+06 -3.93397262e+01  1.00000000e+06  3.04612601e+00 
 1.02305973e+06 -3.93412764e+01  1.02305973e+06  3.04712755e+00 
 1.04665121e+06 -3.93427767e+01  1.04665121e+06  3.04808084e+00 
 1.07078670e+06 -3.93442301e+01  1.07078670e+06  3.04898632e+00 
 1.09547876e+06 -3.93456397e+01  1.09547876e+06  3.04984443e+00 
 1.12074020e+06 -3.93470083e+01  1.12074020e+06  3.05065556e+00 
 1.14658417e+06 -3.93483387e+01  1.14658417e+06  3.05142012e+00 
 1.17302409e+06 -3.93496337e+01  1.17302409e+06  3.05213845e+00 
 1.20007371e+06 -3.93508959e+01  1.20007371e+06  3.05281091e+00 
 1.22774708e+06 -3.93521278e+01  1.22774708e+06  3.05343781e+00 
 1.25605860e+06 -3.93533320e+01  1.25605860e+06  3.05401946e+00 
 1.28502297e+06 -3.93545111e+01  1.28502297e+06  3.05455615e+00 
 1.31465525e+06 -3.93556673e+01  1.31465525e+06  3.05504812e+00 
 1.34497085e+06 -3.93568031e+01  1.34497085e+06  3.05549563e+00 
 1.37598551e+06 -3.93579208e+01  1.37598551e+06  3.05589888e+00 
 1.40771537e+06 -3.93590227e+01  1.40771537e+06  3.05625808e+00 
 1.44017690e+06 -3.93601111e+01  1.44017690e+06  3.05657340e+00 
 1.47338699e+06 -3.93611882e+01  1.47338699e+06  3.05684500e+00 
 1.50736290e+06 -3.93622562e+01  1.50736290e+06  3.05707302e+00 
 1.54212228e+06 -3.93633173e+01  1.54212228e+06  3.05725757e+00 
 1.57768320e+06 -3.93643737e+01  1.57768320e+06  3.05739874e+00 
 1.61406415e+06 -3.93654276e+01  1.61406415e+06  3.05749662e+00 
 1.65128404e+06 -3.93664811e+01  1.65128404e+06  3.05755126e+00 
 1.68936220e+06 -3.93675364e+01  1.68936220e+06  3.05756268e+00 
 1.72831844e+06 -3.93685956e+01  1.72831844e+06  3.05753090e+00 
 1.76817299e+06 -3.93696610e+01  1.76817299e+06  3.05745593e+00 
 1.80894658e+06 -3.93707347e+01  1.80894658e+06  3.05733772e+00 
 1.85066040e+06 -3.93718190e+01  1.85066040e+06  3.05717624e+00 
 1.89333613e+06 -3.93729159e+01  1.89333613e+06  3.05697141e+00 
 1.93699595e+06 -3.93740279e+01  1.93699595e+06  3.05672316e+00 
 1.98166255e+06 -3.93751571e+01  1.98166255e+06  3.05643136e+00 
 2.02735916e+06 -3.93763058e+01  2.02735916e+06  3.05609590e+00 
 2.07410951e+06 -3.93774765e+01  2.07410951e+06  3.05571663e+00 
 2.12193792e+06 -3.93786714e+01  2.12193792e+06  3.05529338e+00 
 2.17086923e+06 -3.93798931e+01  2.17086923e+06  3.05482596e+00 
 2.22092889e+06 -3.93811439e+01  2.22092889e+06  3.05431417e+00 
 2.27214291e+06 -3.93824265e+01  2.27214291e+06  3.05375778e+00 
 2.32453791e+06 -3.93837434e+01  2.32453791e+06  3.05315655e+00 
 2.37814113e+06 -3.93850973e+01  2.37814113e+06  3.05251020e+00 
 2.43298042e+06 -3.93864910e+01  2.43298042e+06  3.05181846e+00 
 2.48908429e+06 -3.93879272e+01  2.48908429e+06  3.05108102e+00 
 2.54648190e+06 -3.93894089e+01  2.54648190e+06  3.05029755e+00 
 2.60520309e+06 -3.93909389e+01  2.60520309e+06  3.04946771e+00 
 2.66527837e+06 -3.93925204e+01  2.66527837e+06  3.04859114e+00 
 2.72673897e+06 -3.93941566e+01  2.72673897e+06  3.04766746e+00 
 2.78961683e+06 -3.93958507e+01  2.78961683e+06  3.04669626e+00 
 2.85394464e+06 -3.93976061e+01  2.85394464e+06  3.04567713e+00 
 2.91975583e+06 -3.93994262e+01  2.91975583e+06  3.04460962e+00 
 2.98708461e+06 -3.94013147e+01  2.98708461e+06  3.04349328e+00 
 3.05596598e+06 -3.94032754e+01  3.05596598e+06  3.04232763e+00 
 3.12643573e+06 -3.94053120e+01  3.12643573e+06  3.04111219e+00 
 3.19853049e+06 -3.94074286e+01  3.19853049e+06  3.03984643e+00 
 3.27228774e+06 -3.94096294e+01  3.27228774e+06  3.03852982e+00 
 3.34774581e+06 -3.94119186e+01  3.34774581e+06  3.03716183e+00 
 3.42494392e+06 -3.94143006e+01  3.42494392e+06  3.03574189e+00 
 3.50392221e+06 -3.94167802e+01  3.50392221e+06  3.03426941e+00 
 3.58472171e+06 -3.94193622e+01  3.58472171e+06  3.03274379e+00 
 3.66738442e+06 -3.94220514e+01  3.66738442e+06  3.03116443e+00 
 3.75195331e+06 -3.94248531e+01  3.75195331e+06  3.02953069e+00 
 3.83847234e+06 -3.94277726e+01  3.83847234e+06  3.02784193e+00 
 3.92698648e+06 -3.94308155e+01  3.92698648e+06  3.02609749e+00 
 4.01754173e+06 -3.94339876e+01  4.01754173e+06  3.02429669e+00 
 4.11018515e+06 -3.94372948e+01  4.11018515e+06  3.02243884e+00 
 4.20496491e+06 -3.94407434e+01  4.20496491e+06  3.02052325e+00 
 4.30193027e+06 -3.94443398e+01  4.30193027e+06  3.01854920e+00 
 4.40113162e+06 -3.94480907e+01  4.40113162e+06  3.01651596e+00 
 4.50262052e+06 -3.94520031e+01  4.50262052e+06  3.01442279e+00 
 4.60644974e+06 -3.94560841e+01  4.60644974e+06  3.01226895e+00 
 4.71267322e+06 -3.94603413e+01  4.71267322e+06  3.01005369e+00 
 4.82134619e+06 -3.94647823e+01  4.82134619e+06  3.00777623e+00 
 4.93252513e+06 -3.94694152e+01  4.93252513e+06  3.00543580e+00 
 5.04626783e+06 -3.94742483e+01  5.04626783e+06  3.00303163e+00 
 5.16263340e+06 -3.94792903e+01  5.16263340e+06  3.00056293e+00 
 5.28168234e+06 -3.94845500e+01  5.28168234e+06  2.99802891e+00 
 5.40347650e+06 -3.94900366e+01  5.40347650e+06  2.99542878e+00 
 5.52807921e+06 -3.94957598e+01  5.52807921e+06  2.99276174e+00 
 5.65555523e+06 -3.95017295e+01  5.65555523e+06  2.99002701e+00 
 5.78597080e+06 -3.95079558e+01  5.78597080e+06  2.98722379e+00 
 5.91939372e+06 -3.95144493e+01  5.91939372e+06  2.98435129e+00 
 6.05589334e+06 -3.95212210e+01  6.05589334e+06  2.98140874e+00 
 6.19554061e+06 -3.95282821e+01  6.19554061e+06  2.97839535e+00 
 6.33840810e+06 -3.95356442e+01  6.33840810e+06  2.97531035e+00 
 6.48457008e+06 -3.95433194e+01  6.48457008e+06  2.97215299e+00 
 6.63410251e+06 -3.95513200e+01  6.63410251e+06  2.96892252e+00 
 6.78708313e+06 -3.95596587e+01  6.78708313e+06  2.96561820e+00 
 6.94359143e+06 -3.95683487e+01  6.94359143e+06  2.96223933e+00 
 7.10370877e+06 -3.95774035e+01  7.10370877e+06  2.95878521e+00 
 7.26751838e+06 -3.95868369e+01  7.26751838e+06  2.95525517e+00 
 7.43510539e+06 -3.95966631e+01  7.43510539e+06  2.95164854e+00 
 7.60655691e+06 -3.96068969e+01  7.60655691e+06  2.94796471e+00 
 7.78196206e+06 -3.96175531e+01  7.78196206e+06  2.94420308e+00 
 7.96141200e+06 -3.96286472e+01  7.96141200e+06  2.94036309e+00 
 8.14500001e+06 -3.96401948e+01  8.14500001e+06  2.93644421e+00 
 8.33282151e+06 -3.96522121e+01  8.33282151e+06  2.93244594e+00 
 8.52497412e+06 -3.96647154e+01  8.52497412e+06  2.92836782e+00 
 8.72155772e+06 -3.96777216e+01  8.72155772e+06  2.92420946e+00 
 8.92267449e+06 -3.96912478e+01  8.92267449e+06  2.91997047e+00 
 9.12842895e+06 -3.97053113e+01  9.12842895e+06  2.91565053e+00 
 9.33892805e+06 -3.97199298e+01  9.33892805e+06  2.91124939e+00 
 9.55428121e+06 -3.97351214e+01  9.55428121e+06  2.90676682e+00 
 9.77460036e+06 -3.97509043e+01  9.77460036e+06  2.90220267e+00 
 1.00000000e+07 -3.97672970e+01  1.00000000e+07  2.89755682e+00 
 1.02305973e+07 -3.97843182e+01  1.02305973e+07  2.89282924e+00 
 1.04665121e+07 -3.98019867e+01  1.04665121e+07  2.88801996e+00 
 1.07078670e+07 -3.98203218e+01  1.07078670e+07  2.88312905e+00 
 1.09547876e+07 -3.98393426e+01  1.09547876e+07  2.87815667e+00 
 1.12074020e+07 -3.98590684e+01  1.12074020e+07  2.87310304e+00 
 1.14658417e+07 -3.98795187e+01  1.14658417e+07  2.86796846e+00 
 1.17302409e+07 -3.99007129e+01  1.17302409e+07  2.86275330e+00 
 1.20007371e+07 -3.99226704e+01  1.20007371e+07  2.85745798e+00 
 1.22774708e+07 -3.99454107e+01  1.22774708e+07  2.85208302e+00 
 1.25605860e+07 -3.99689533e+01  1.25605860e+07  2.84662902e+00 
 1.28502297e+07 -3.99933172e+01  1.28502297e+07  2.84109662e+00 
 1.31465525e+07 -4.00185218e+01  1.31465525e+07  2.83548657e+00 
 1.34497085e+07 -4.00445860e+01  1.34497085e+07  2.82979967e+00 
 1.37598551e+07 -4.00715284e+01  1.37598551e+07  2.82403680e+00 
 1.40771537e+07 -4.00993677e+01  1.40771537e+07  2.81819893e+00 
 1.44017690e+07 -4.01281220e+01  1.44017690e+07  2.81228706e+00 
 1.47338699e+07 -4.01578093e+01  1.47338699e+07  2.80630230e+00 
 1.50736290e+07 -4.01884469e+01  1.50736290e+07  2.80024580e+00 
 1.54212228e+07 -4.02200521e+01  1.54212228e+07  2.79411879e+00 
 1.57768320e+07 -4.02526416e+01  1.57768320e+07  2.78792253e+00 
 1.61406415e+07 -4.02862316e+01  1.61406415e+07  2.78165837e+00 
 1.65128404e+07 -4.03208379e+01  1.65128404e+07  2.77532769e+00 
 1.68936220e+07 -4.03564756e+01  1.68936220e+07  2.76893193e+00 
 1.72831844e+07 -4.03931597e+01  1.72831844e+07  2.76247256e+00 
 1.76817299e+07 -4.04309043e+01  1.76817299e+07  2.75595111e+00 
 1.80894658e+07 -4.04697230e+01  1.80894658e+07  2.74936913e+00 
 1.85066040e+07 -4.05096290e+01  1.85066040e+07  2.74272819e+00 
 1.89333613e+07 -4.05506349e+01  1.89333613e+07  2.73602991e+00 
 1.93699595e+07 -4.05927526e+01  1.93699595e+07  2.72927590e+00 
 1.98166255e+07 -4.06359938e+01  1.98166255e+07  2.72246782e+00 
 2.02735916e+07 -4.06803693e+01  2.02735916e+07  2.71560731e+00 
 2.07410951e+07 -4.07258897e+01  2.07410951e+07  2.70869603e+00 
 2.12193792e+07 -4.07725649e+01  2.12193792e+07  2.70173563e+00 
 2.17086923e+07 -4.08204045e+01  2.17086923e+07  2.69472779e+00 
 2.22092889e+07 -4.08694177e+01  2.22092889e+07  2.68767414e+00 
 2.27214291e+07 -4.09196133e+01  2.27214291e+07  2.68057635e+00 
 2.32453791e+07 -4.09709996e+01  2.32453791e+07  2.67343604e+00 
 2.37814113e+07 -4.10235849e+01  2.37814113e+07  2.66625484e+00 
 2.43298042e+07 -4.10773770e+01  2.43298042e+07  2.65903438e+00 
 2.48908429e+07 -4.11323837e+01  2.48908429e+07  2.65177625e+00 
 2.54648190e+07 -4.11886125e+01  2.54648190e+07  2.64448206e+00 
 2.60520309e+07 -4.12460708e+01  2.60520309e+07  2.63715339e+00 
 2.66527837e+07 -4.13047659e+01  2.66527837e+07  2.62979184e+00 
 2.72673897e+07 -4.13647054e+01  2.72673897e+07  2.62239898e+00 
 2.78961683e+07 -4.14258964e+01  2.78961683e+07  2.61497639e+00 
 2.85394464e+07 -4.14883465e+01  2.85394464e+07  2.60752569e+00 
 2.91975583e+07 -4.15520631e+01  2.91975583e+07  2.60004846e+00 
 2.98708461e+07 -4.16170537e+01  2.98708461e+07  2.59254634e+00 
 3.05596598e+07 -4.16833261e+01  3.05596598e+07  2.58502098e+00 
 3.12643573e+07 -4.17508882e+01  3.12643573e+07  2.57747407e+00 
 3.19853049e+07 -4.18197477e+01  3.19853049e+07  2.56990734e+00 
 3.27228774e+07 -4.18899129e+01  3.27228774e+07  2.56232257e+00 
 3.34774581e+07 -4.19613919e+01  3.34774581e+07  2.55472161e+00 
 3.42494392e+07 -4.20341929e+01  3.42494392e+07  2.54710635e+00 
 3.50392221e+07 -4.21083242e+01  3.50392221e+07  2.53947879e+00 
 3.58472171e+07 -4.21837940e+01  3.58472171e+07  2.53184098e+00 
 3.66738442e+07 -4.22606106e+01  3.66738442e+07  2.52419508e+00 
 3.75195331e+07 -4.23387819e+01  3.75195331e+07  2.51654335e+00 
 3.83847234e+07 -4.24183158e+01  3.83847234e+07  2.50888815e+00 
 3.92698648e+07 -4.24992200e+01  3.92698648e+07  2.50123196e+00 
 4.01754173e+07 -4.25815014e+01  4.01754173e+07  2.49357735e+00 
 4.11018515e+07 -4.26651669e+01  4.11018515e+07  2.48592705e+00 
 4.20496491e+07 -4.27502225e+01  4.20496491e+07  2.47828388e+00 
 4.30193027e+07 -4.28366736e+01  4.30193027e+07  2.47065080e+00 
 4.40113162e+07 -4.29245247e+01  4.40113162e+07  2.46303090e+00 
 4.50262052e+07 -4.30137796e+01  4.50262052e+07  2.45542740e+00 
 4.60644974e+07 -4.31044408e+01  4.60644974e+07  2.44784362e+00 
 4.71267322e+07 -4.31965098e+01  4.71267322e+07  2.44028302e+00 
 4.82134619e+07 -4.32899866e+01  4.82134619e+07  2.43274919e+00 
 4.93252513e+07 -4.33848700e+01  4.93252513e+07  2.42524580e+00 
 5.04626783e+07 -4.34811571e+01  5.04626783e+07  2.41777664e+00 
 5.16263340e+07 -4.35788434e+01  5.16263340e+07  2.41034561e+00 
 5.28168234e+07 -4.36779228e+01  5.28168234e+07  2.40295666e+00 
 5.40347650e+07 -4.37783870e+01  5.40347650e+07  2.39561385e+00 
 5.52807921e+07 -4.38802260e+01  5.52807921e+07  2.38832128e+00 
 5.65555523e+07 -4.39834278e+01  5.65555523e+07  2.38108312e+00 
 5.78597080e+07 -4.40879781e+01  5.78597080e+07  2.37390355e+00 
 5.91939372e+07 -4.41938604e+01  5.91939372e+07  2.36678679e+00 
 6.05589334e+07 -4.43010560e+01  6.05589334e+07  2.35973705e+00 
 6.19554061e+07 -4.44095439e+01  6.19554061e+07  2.35275856e+00 
 6.33840810e+07 -4.45193008e+01  6.33840810e+07  2.34585548e+00 
 6.48457008e+07 -4.46303009e+01  6.48457008e+07  2.33903196e+00 
 6.63410251e+07 -4.47425160e+01  6.63410251e+07  2.33229206e+00 
 6.78708313e+07 -4.48559156e+01  6.78708313e+07  2.32563978e+00 
 6.94359143e+07 -4.49704667e+01  6.94359143e+07  2.31907902e+00 
 7.10370877e+07 -4.50861338e+01  7.10370877e+07  2.31261354e+00 
 7.26751838e+07 -4.52028794e+01  7.26751838e+07  2.30624701e+00 
 7.43510539e+07 -4.53206632e+01  7.43510539e+07  2.29998290e+00 
 7.60655691e+07 -4.54394430e+01  7.60655691e+07  2.29382454e+00 
 7.78196206e+07 -4.55591741e+01  7.78196206e+07  2.28777509e+00 
 7.96141200e+07 -4.56798097e+01  7.96141200e+07  2.28183747e+00 
 8.14500001e+07 -4.58013009e+01  8.14500001e+07  2.27601442e+00 
 8.33282151e+07 -4.59235970e+01  8.33282151e+07  2.27030842e+00 
 8.52497412e+07 -4.60466449e+01  8.52497412e+07  2.26472171e+00 
 8.72155772e+07 -4.61703902e+01  8.72155772e+07  2.25925630e+00 
 8.92267449e+07 -4.62947762e+01  8.92267449e+07  2.25391388e+00 
 9.12842895e+07 -4.64197452e+01  9.12842895e+07  2.24869588e+00 
 9.33892805e+07 -4.65452374e+01  9.33892805e+07  2.24360345e+00 
 9.55428121e+07 -4.66711919e+01  9.55428121e+07  2.23863739e+00 
 9.77460036e+07 -4.67975466e+01  9.77460036e+07  2.23379821e+00 
 1.00000000e+08 -4.69242380e+01  1.00000000e+08  2.22908610e+00 
 1.02305973e+08 -4.70512019e+01  1.02305973e+08  2.22450088e+00 
 1.04665121e+08 -4.71783729e+01  1.04665121e+08  2.22004208e+00 
 1.07078670e+08 -4.73056850e+01  1.07078670e+08  2.21570882e+00 
 1.09547876e+08 -4.74330717e+01  1.09547876e+08  2.21149992e+00 
 1.12074020e+08 -4.75604658e+01  1.12074020e+08  2.20741380e+00 
 1.14658417e+08 -4.76878000e+01  1.14658417e+08  2.20344853e+00 
 1.17302409e+08 -4.78150066e+01  1.17302409e+08  2.19960182e+00 
 1.20007371e+08 -4.79420181e+01  1.20007371e+08  2.19587101e+00 
 1.22774708e+08 -4.80687671e+01  1.22774708e+08  2.19225304e+00 
 1.25605860e+08 -4.81951862e+01  1.25605860e+08  2.18874452e+00 
 1.28502297e+08 -4.83212087e+01  1.28502297e+08  2.18534166e+00 
 1.31465525e+08 -4.84467683e+01  1.31465525e+08  2.18204030e+00 
 1.34497085e+08 -4.85717996e+01  1.34497085e+08  2.17883593e+00 
 1.37598551e+08 -4.86962379e+01  1.37598551e+08  2.17572365e+00 
 1.40771537e+08 -4.88200195e+01  1.40771537e+08  2.17269820e+00 
 1.44017690e+08 -4.89430820e+01  1.44017690e+08  2.16975399e+00 
 1.47338699e+08 -4.90653642e+01  1.47338699e+08  2.16688506e+00 
 1.50736290e+08 -4.91868064e+01  1.50736290e+08  2.16408509e+00 
 1.54212228e+08 -4.93073506e+01  1.54212228e+08  2.16134744e+00 
 1.57768320e+08 -4.94269402e+01  1.57768320e+08  2.15866515e+00 
 1.61406415e+08 -4.95455208e+01  1.61406415e+08  2.15603092e+00 
 1.65128404e+08 -4.96630400e+01  1.65128404e+08  2.15343717e+00 
 1.68936220e+08 -4.97794473e+01  1.68936220e+08  2.15087599e+00 
 1.72831844e+08 -4.98946948e+01  1.72831844e+08  2.14833921e+00 
 1.76817299e+08 -5.00087366e+01  1.76817299e+08  2.14581838e+00 
 1.80894658e+08 -5.01215295e+01  1.80894658e+08  2.14330482e+00 
 1.85066040e+08 -5.02330329e+01  1.85066040e+08  2.14078958e+00 
 1.89333613e+08 -5.03432090e+01  1.89333613e+08  2.13826350e+00 
 1.93699595e+08 -5.04520226e+01  1.93699595e+08  2.13571722e+00 
 1.98166255e+08 -5.05594414e+01  1.98166255e+08  2.13314120e+00 
 2.02735916e+08 -5.06654361e+01  2.02735916e+08  2.13052572e+00 
 2.07410951e+08 -5.07699805e+01  2.07410951e+08  2.12786092e+00 
 2.12193792e+08 -5.08730513e+01  2.12193792e+08  2.12513681e+00 
 2.17086923e+08 -5.09746284e+01  2.17086923e+08  2.12234332e+00 
 2.22092889e+08 -5.10746949e+01  2.22092889e+08  2.11947027e+00 
 2.27214291e+08 -5.11732370e+01  2.27214291e+08  2.11650742e+00 
 2.32453791e+08 -5.12702440e+01  2.32453791e+08  2.11344453e+00 
 2.37814113e+08 -5.13657086e+01  2.37814113e+08  2.11027130e+00 
 2.43298042e+08 -5.14596265e+01  2.43298042e+08  2.10697747e+00 
 2.48908429e+08 -5.15519966e+01  2.48908429e+08  2.10355282e+00 
 2.54648190e+08 -5.16428209e+01  2.54648190e+08  2.09998715e+00 
 2.60520309e+08 -5.17321045e+01  2.60520309e+08  2.09627038e+00 
 2.66527837e+08 -5.18198554e+01  2.66527837e+08  2.09239251e+00 
 2.72673897e+08 -5.19060847e+01  2.72673897e+08  2.08834369e+00 
 2.78961683e+08 -5.19908062e+01  2.78961683e+08  2.08411421e+00 
 2.85394464e+08 -5.20740366e+01  2.85394464e+08  2.07969452e+00 
 2.91975583e+08 -5.21557951e+01  2.91975583e+08  2.07507529e+00 
 2.98708461e+08 -5.22361038e+01  2.98708461e+08  2.07024739e+00 
 3.05596598e+08 -5.23149868e+01  3.05596598e+08  2.06520195e+00 
 3.12643573e+08 -5.23924708e+01  3.12643573e+08  2.05993032e+00 
 3.19853049e+08 -5.24685846e+01  3.19853049e+08  2.05442419e+00 
 3.27228774e+08 -5.25433590e+01  3.27228774e+08  2.04867549e+00 
 3.34774581e+08 -5.26168268e+01  3.34774581e+08  2.04267650e+00 
 3.42494392e+08 -5.26890225e+01  3.42494392e+08  2.03641983e+00 
 3.50392221e+08 -5.27599820e+01  3.50392221e+08  2.02989844e+00 
 3.58472171e+08 -5.28297430e+01  3.58472171e+08  2.02310567e+00 
 3.66738442e+08 -5.28983439e+01  3.66738442e+08  2.01603523e+00 
 3.75195331e+08 -5.29658247e+01  3.75195331e+08  2.00868124e+00 
 3.83847234e+08 -5.30322261e+01  3.83847234e+08  2.00103822e+00 
 3.92698648e+08 -5.30975895e+01  3.92698648e+08  1.99310114e+00 
 4.01754173e+08 -5.31619568e+01  4.01754173e+08  1.98486538e+00 
 4.11018515e+08 -5.32253704e+01  4.11018515e+08  1.97632679e+00 
 4.20496491e+08 -5.32878730e+01  4.20496491e+08  1.96748169e+00 
 4.30193027e+08 -5.33495071e+01  4.30193027e+08  1.95832683e+00 
 4.40113162e+08 -5.34103152e+01  4.40113162e+08  1.94885948e+00 
 4.50262052e+08 -5.34703395e+01  4.50262052e+08  1.93907738e+00 
 4.60644974e+08 -5.35296217e+01  4.60644974e+08  1.92897876e+00 
 4.71267322e+08 -5.35882028e+01  4.71267322e+08  1.91856235e+00 
 4.82134619e+08 -5.36461231e+01  4.82134619e+08  1.90782740e+00 
 4.93252513e+08 -5.37034219e+01  4.93252513e+08  1.89677365e+00 
 5.04626783e+08 -5.37601375e+01  5.04626783e+08  1.88540136e+00 
 5.16263340e+08 -5.38163066e+01  5.16263340e+08  1.87371131e+00 
 5.28168234e+08 -5.38719650e+01  5.28168234e+08  1.86170479e+00 
 5.40347650e+08 -5.39271465e+01  5.40347650e+08  1.84938361e+00 
 5.52807921e+08 -5.39818836e+01  5.52807921e+08  1.83675008e+00 
 5.65555523e+08 -5.40362070e+01  5.65555523e+08  1.82380705e+00 
 5.78597080e+08 -5.40901452e+01  5.78597080e+08  1.81055785e+00 
 5.91939372e+08 -5.41437252e+01  5.91939372e+08  1.79700635e+00 
 6.05589334e+08 -5.41969715e+01  6.05589334e+08  1.78315689e+00 
 6.19554061e+08 -5.42499066e+01  6.19554061e+08  1.76901433e+00 
 6.33840810e+08 -5.43025511e+01  6.33840810e+08  1.75458401e+00 
 6.48457008e+08 -5.43549228e+01  6.48457008e+08  1.73987172e+00 
 6.63410251e+08 -5.44070374e+01  6.63410251e+08  1.72488377e+00 
 6.78708313e+08 -5.44589085e+01  6.78708313e+08  1.70962688e+00 
 6.94359143e+08 -5.45105469e+01  6.94359143e+08  1.69410824e+00 
 7.10370877e+08 -5.45619613e+01  7.10370877e+08  1.67833547e+00 
 7.26751838e+08 -5.46131579e+01  7.26751838e+08  1.66231660e+00 
 7.43510539e+08 -5.46641405e+01  7.43510539e+08  1.64606006e+00 
 7.60655691e+08 -5.47149108e+01  7.60655691e+08  1.62957466e+00 
 7.78196206e+08 -5.47654678e+01  7.78196206e+08  1.61286957e+00 
 7.96141200e+08 -5.48158087e+01  7.96141200e+08  1.59595432e+00 
 8.14500001e+08 -5.48659282e+01  8.14500001e+08  1.57883875e+00 
 8.33282151e+08 -5.49158191e+01  8.33282151e+08  1.56153300e+00 
 8.52497412e+08 -5.49654721e+01  8.52497412e+08  1.54404751e+00 
 8.72155772e+08 -5.50148761e+01  8.72155772e+08  1.52639295e+00 
 8.92267449e+08 -5.50640182e+01  8.92267449e+08  1.50858024e+00 
 9.12842895e+08 -5.51128839e+01  9.12842895e+08  1.49062049e+00 
 9.33892805e+08 -5.51614569e+01  9.33892805e+08  1.47252500e+00 
 9.55428121e+08 -5.52097199e+01  9.55428121e+08  1.45430524e+00 
 9.77460036e+08 -5.52576542e+01  9.77460036e+08  1.43597278e+00 
 1.00000000e+09 -5.53052400e+01  1.00000000e+09  1.41753930e+00 
